list(y=c(1.69689E+01, 5.62486E-01, 3.84076E+00, 3.00945E+00, 6.54291E+00, 4.86750E+00, 5.86763E+00, 4.72332E+00, 1.12816E+00, 1.42000E+00, 4.44719E+01, 1.21655E-01, 3.83731E+00, 3.77349E+00, 3.07842E+00, 6.10679E+00, 4.59160E+00, 1.40338E+00, 1.76872E+00, 9.43434E+01, 7.64051E+00, 3.04202E+01, 5.81215E+00, 3.47141E+00, 6.03119E+00, 4.53005E+00, 1.54198E+00, 1.92181E+00, 2.12330E+00, 1.26318E+00, 2.61741E+01, 1.04305E+01, 5.50215E+00, 1.90174E-01, 3.22067E+00, 3.77729E+00, 3.23429E+00, 6.83075E+00, 4.16884E+00, 4.01814E+00, 1.06219E+00, 1.29489E+00, 2.15549E+00, 1.09272E+00, 7.33206E+01, 1.14543E+00, 4.14395E+00, 1.39287E+00, 4.39278E+00, 1.20056E+00, 4.57593E+00, 1.59769E+00, 2.44444E+00, 1.61657E+00, 1.79465E+00, 5.23863E+00, 3.91870E+00, 2.20422E+00, 3.21665E+00, 5.64393E+00, 4.41877E+00, 1.73535E+00, 1.94614E+00, 5.02540E+00, 9.29824E-01, 2.57779E+00, 3.24940E+00, 6.28268E+00, 4.84189E+00, 5.49957E+00, 1.86849E+00, 4.27613E+00, 1.24192E+00, 4.84975E+00, 1.16053E+00, 1.75259E+00, 2.23337E+01, 5.21881E+00, 3.00796E+00, 2.42449E+00, 3.25856E+00, 4.15304E+00, 5.90899E+00, 4.38085E+00, 1.38220E+00, 4.83407E+00, 1.93400E+00, 4.33828E+00, 1.38173E+00, 2.01071E+00, 1.13488E+00, 9.28111E+01, 7.45794E+00, 6.77328E+00, 4.28564E+00, 1.01737E+00, 3.48062E-01, 3.03093E+00, 2.36830E+00, 3.47291E+00, 3.51253E+00, 6.46392E+00, 5.72268E+00, 1.06940E+00, 4.13325E+00, 4.90000E+00, 1.44101E+00, 1.18222E+00, 2.93831E+00, 6.00100E+01, 7.64869E+00, 5.73514E-01, 2.50020E+00, 6.78388E+00, 4.83732E+00, 1.67992E+00, 3.15836E+01, 5.62650E+01, 5.00397E+00, 6.64197E-01, 3.88023E+00, 3.49864E+00, 6.53406E+00, 4.55871E+00, 5.19295E+00, 4.49732E+00, 4.62350E+00, 1.54978E+00, 1.23254E+00, 7.86628E+00, 1.84953E+00, 5.44606E+00, 9.23841E-01, 2.11341E+00, 3.63791E+00, 6.19478E+00, 4.28424E+00, 4.93903E+00, 1.57034E+00, 1.15509E+00, 1.86764E+00, 7.25616E+00, 2.21630E+01, 3.98744E+00, 3.51427E+00, 6.20081E+00, 1.53305E+00, 1.28315E+00, 4.58858E+00, 1.88704E+00, 2.83132E+00, 2.14159E+01, 7.22919E+00, 5.04658E+01, 1.66847E+00, 5.65401E+00, 5.12618E-01, 2.75375E+00, 4.41964E+00, 4.64416E+00, 4.48120E+00, 1.87849E+00, 1.87068E+01, 3.34754E-01, 3.91870E+00, 2.05447E+00, 3.04280E+00, 6.30385E+00, 4.86541E+00, 1.33573E+00, 4.85830E+00, 1.29882E+00, 1.16193E+00, 2.82424E+00, 1.42865E+00, 7.39137E+00, 6.54637E+01, 1.85293E+00, 5.33943E+00, 2.78953E+00, 3.66959E+00, 4.52830E+00, 1.97189E+00, 4.12790E+00, 1.91994E+00, 2.01153E+00, 6.79553E-01, 3.55119E+00, 3.24746E+00, 5.86234E+00, 4.45512E+00, 1.25517E+00, 4.13848E+00, 1.53393E+00, 1.58819E+00, 1.09897E+00, 2.51917E+00, 1.07966E+00, 2.09748E-01, 3.05545E+00, 4.51990E+00, 4.99802E+00, 1.50758E+00, 1.45149E+00, 1.72135E+00, 7.24399E+01, 1.17272E+00, 3.55336E+00, 2.84950E+00, 3.30108E+00, 6.94032E+00, 4.65238E+00, 5.68405E+00, 1.12175E+00, 1.37183E+00, 1.57219E+00, 1.73711E+00, 8.33608E+01, 1.59207E+00, 5.60269E+00, 5.16351E-01, 3.25606E+00, 4.17765E+00, 5.92294E+00, 1.02827E+00, 1.90216E+00, 6.60177E+01, 1.39999E+00, 5.84973E+00, 3.93297E+00, 6.58085E+00, 4.88654E+00, 4.14695E+00, 1.49703E+00, 1.54190E+00, 1.76305E+00, 1.01411E+01, 7.94277E+00, 2.87580E+01, 1.95255E+00, 4.29638E-01, 3.74366E+00, 3.02938E+00, 3.85147E+00, 1.32361E+00, 4.78432E+00, 1.60940E+00, 2.13450E+00, 7.26229E+01, 5.18915E+00, 2.06508E-01, 3.78247E+00, 3.03636E+00, 4.97352E+00, 5.73879E+00, 1.61923E+00, 4.57635E+00, 5.21025E+01, 1.71060E+00, 3.16145E+00, 3.56019E+00, 3.61130E+00, 6.00560E+00, 4.35884E+00, 4.70152E+00, 4.24848E+00, 1.55775E+00, 4.53117E+00, 1.74541E+00, 2.81244E+00, 6.72561E+01, 7.85891E+00, 2.01926E+01, 1.70946E+00, 5.24645E+00, 3.30813E+00, 6.26977E+00, 4.62375E+00, 1.63220E+00, 1.65611E+00, 9.20953E+01, 1.29665E-01, 2.88510E+00, 3.57416E+00, 3.99588E+00, 6.70036E+00, 5.21227E+00, 1.64021E+00, 4.68245E+00, 1.12319E+00, 1.86841E+00, 1.58984E+00, 4.46969E+01, 7.10008E+00, 6.59089E+01, 4.63166E-01, 3.29430E+00, 6.90363E+00, 4.00989E+00, 5.72407E+00, 7.57368E+00, 9.82968E+01, 1.38780E+00, 5.39926E+00, 3.11580E-01, 3.13716E+00, 2.93758E+00, 5.23652E+00, 4.93058E+00, 4.32470E+00, 1.22745E+00, 4.90962E+00, 1.66244E+00, 7.89445E+00, 6.53974E+01, 1.05998E+00, 2.14507E+00, 6.05605E+00, 4.38328E+00, 1.07914E+00, 1.58840E+00, 2.34882E+00, 1.62626E+00, 1.66290E+01, 7.42097E+00, 1.34564E+00, 5.72003E+00, 9.61279E-01, 3.17216E+00, 2.71151E+00, 3.62289E+00, 6.27574E+00, 4.80460E+00, 4.87847E+00, 1.15941E+00, 2.58712E+00, 4.12702E+01, 4.63065E+01, 1.94976E+00, 2.82880E+00, 4.36854E+00, 1.80968E+00, 4.88710E+00, 1.15535E+00, 8.64922E+01, 7.06258E+00, 6.99374E+01, 2.44045E+00, 3.85351E+00, 5.36351E+00, 4.13232E+00, 1.96980E+00, 4.05976E+00, 1.73404E+00, 1.64061E+00, 1.94872E+00, 3.70628E+01, 1.31936E+00, 5.31117E+00, 3.54333E+00, 5.41574E+00, 4.03156E+00, 4.04866E+00, 1.50553E+00, 2.38130E+00, 1.41644E+00, 2.49789E+01, 2.11774E+00, 3.04650E+00, 4.86524E+00, 4.95513E+00, 1.16270E+00, 4.02548E+00, 1.42823E+00, 1.47280E+00, 2.80269E+00, 7.35279E+00, 1.43965E+00, 5.72727E-01), b.lab=c(7.05256E-02, 7.12963E-02, -6.94919E-02, 6.97920E-02, 1.07415E-03, 6.50159E-02, -1.77163E-01, -4.01808E-02, 3.41954E-05, -1.08992E-02, -1.59109E-01, -1.22158E-01, -3.52391E-02, -1.71526E-01, 5.64862E-02, 6.09678E-02, 5.61920E-02, -1.28445E-01, -2.26643E-02), beta=c(8.15308E-01, 4.12672E-01, 1.01585E+00, 1.04658E+00, -1.45005E+00, -1.30203E+00, -1.80910E+00, 4.11092E-01, -8.61801E-01, 1.67209E-01, -5.08314E-01, 8.19728E-01, 8.81115E-01, -1.25549E+00, 1.13541E+00, -6.43013E-01, -1.38325E+00, 3.87538E-01, 3.69166E-01, -2.68111E-02), sigma=4.83188E-01, sigma.lab=9.82104E-01)
