list(y=c(9.25861E+01, 2.63520E-01, 3.65215E+00, 3.18062E+00, 6.34442E+00, 4.88336E+00, 5.00995E+00, 4.55155E+00, 1.54702E+00, 1.49031E+00, 8.41095E+01, 2.78941E+00, 3.46335E+00, 6.31262E+00, 4.21055E+00, 5.41742E+00, 4.44561E+00, 1.57363E+00, 1.92737E+00, 5.14467E+00, 4.78350E-01, 3.58031E+00, 3.66426E+00, 6.47398E+00, 1.29705E+00, 7.25564E+00, 2.39159E+01, 1.62818E+00, 5.83425E+00, 1.49335E-02, 3.58833E+00, 3.59241E+00, 6.31426E+00, 4.15184E+00, 5.05672E+00, 1.35936E+00, 4.99545E+00, 1.67709E+00, 1.85051E+00, 7.47064E+00, 3.45047E+01, 5.88771E+00, 3.77560E+00, 2.70165E+00, 3.66219E+00, 4.19928E+00, 7.39788E+00, 4.35724E+01, 1.61190E+00, 5.61131E+00, 4.41820E-01, 3.50661E+00, 3.34007E+00, 3.12613E+00, 4.17777E+00, 1.74254E+00, 1.27604E+00, 4.06266E+00, 1.56147E+00, 2.36783E+01, 1.92732E+00, 3.46435E+00, 4.86827E+00, 1.88568E+00, 4.19139E+00, 1.10048E+00, 7.60727E+00, 2.41004E+01, 1.04253E+00, 5.72512E+00, 3.49963E+00, 2.10729E+00, 3.03912E+00, 3.14168E+00, 6.61879E+00, 4.14056E+00, 1.43771E+00, 1.16700E+00, 1.38848E+01, 7.47942E+00, 1.80379E+00, 1.79362E-01, 3.40760E+00, 2.83834E+00, 3.90561E+00, 3.87949E+00, 6.24637E+00, 4.71506E+00, 4.17273E+00, 1.38285E+00, 4.60126E+00, 1.15775E+00, 4.09094E+00, 3.94066E+00, 4.13311E+00, 4.12047E+00, 1.48688E+00, 5.44205E+00, 1.10039E-01, 3.78598E+00, 2.69793E+00, 3.80734E+00, 6.18678E+00, 5.00347E+00, 4.64433E+00, 4.75461E+00, 1.15368E+00, 4.87696E+00, 1.95182E+00, 8.06657E+01, 7.65236E+00, 7.87795E-03, 2.18201E+00, 6.51986E+00, 4.26476E+00, 1.71977E+00, 9.11947E+01, 5.75031E+00, 3.75004E+00, 2.26270E+00, 3.09855E+00, 4.74300E+00, 5.70152E+00, 4.33627E+00, 1.51926E+00, 4.28514E+00, 4.11718E+00, 5.49652E+01, 7.12003E+00, 1.17058E-01, 2.97225E+00, 3.76607E+00, 3.03638E+00, 4.47425E+00, 5.19152E+00, 1.84980E+00, 4.83878E+00, 4.44519E+00, 8.62955E+01, 5.04417E+01, 2.18261E-01, 2.71148E+00, 3.21691E+00, 1.34332E+00, 4.71109E+00, 1.48865E+00, 9.90233E+01, 4.52702E+01, 1.13178E+00, 5.24821E+00, 3.24934E+00, 3.70566E+00, 3.49159E+00, 6.25895E+00, 4.53139E+00, 5.56047E+00, 4.66139E+00, 4.43398E+00, 1.24336E+00, 1.29101E+00, 5.24992E-01, 2.16246E+00, 5.68049E+00, 4.43371E+00, 1.96311E+00, 4.45747E+00, 1.68405E+00, 7.38832E+01, 9.95638E-01, 3.25931E+00, 2.90900E+00, 3.76177E+00, 3.59777E+00, 6.09843E+00, 4.34929E+00, 4.90467E+00, 1.45144E+00, 4.46917E+00, 1.76902E+00, 1.12246E+00, 3.34429E+01, 1.16828E+00, 3.07327E+00, 3.89769E+00, 4.17879E+00, 5.84208E+00, 1.11489E+00, 1.76700E+01, 3.58297E+01, 3.04033E+00, 2.39311E+00, 3.29094E+00, 3.99220E+00, 6.77898E+00, 5.25740E+00, 4.49026E+00, 1.42355E+00, 1.96131E+00, 7.81288E+00, 5.45228E+00, 2.61849E+00, 4.46744E+00, 5.51773E+00, 4.96558E+00, 4.58350E+00, 1.67138E+00, 7.77061E+00, 5.27054E+00, 7.83146E-01, 3.82536E+00, 3.08505E+00, 3.84391E+00, 6.97346E+00, 5.17099E+00, 1.53629E+00, 4.27210E+00, 1.70249E+00, 2.76051E+01, 1.50187E+00, 5.21094E+00, 3.07499E-01, 3.72608E+00, 4.07160E+00, 5.86004E+00, 1.39816E+00, 1.45437E+00, 2.13994E+01, 5.02559E-01, 3.98680E+00, 4.45197E+00, 5.25735E+00, 4.82276E+00, 1.47353E+00, 5.40494E+01, 7.77029E+00, 1.37953E+00, 5.11075E+00, 8.87179E-02, 3.42304E+00, 2.04808E+00, 3.16399E+00, 6.64542E+00, 5.07061E+00, 4.97313E+00, 1.18873E+01, 7.92076E+00, 1.45619E+00, 5.51696E+00, 3.63042E+00, 6.09645E+00, 4.60409E+00, 1.16812E+00, 4.62536E+00, 4.19545E+00, 1.89501E+00, 5.70878E+01, 1.32895E+00, 3.81201E+00, 4.83970E+00, 1.25320E+00, 1.74512E+00, 4.50450E+00, 1.62395E+00, 1.87802E+00, 7.12195E+00, 1.81240E+00, 5.26687E+00, 4.43414E-01, 2.47280E+00, 3.59947E+00, 6.42111E+00, 4.99362E+00, 5.08619E+00, 4.96054E+00, 1.90346E+00, 1.42777E+00, 1.95769E+01, 7.31774E+00, 5.50034E+00, 3.93290E+00, 1.32210E+00, 4.41039E+00, 1.48495E+00, 1.62131E+01, 7.32499E+00, 3.35195E+01, 5.68869E+00, 3.35810E+00, 2.70687E+00, 3.43975E+00, 4.13489E+00, 4.52406E+00, 1.64385E+00, 4.73827E+00, 1.65355E+00, 1.44044E+00, 1.22940E+01, 5.39401E+00, 8.77592E-01, 3.59610E+00, 4.80729E+00, 1.39393E+00, 1.28097E+00, 9.69848E+01, 7.96585E+00, 6.99099E+01, 1.48160E+00, 3.89648E+00, 3.51380E+00, 4.29705E+00, 5.49623E+00, 4.45065E+00, 4.34559E+00, 1.19370E+00, 4.80934E+01, 7.08624E+00, 1.37818E-03, 3.66467E+00, 3.11753E+00, 5.12978E+00, 1.06109E+00, 1.28842E+00, 1.76715E+00, 1.99376E+01, 7.61846E+00, 1.95800E+00, 5.36702E+00, 2.03322E-01, 3.89585E+00, 2.29899E+00, 3.75081E+00, 6.43472E+00, 4.15503E+00, 4.13105E+00, 1.93933E+00, 8.46908E+01, 5.50321E+01, 5.16109E+00, 2.87114E-01, 3.62130E+00, 4.81811E+00, 1.28843E+00, 1.51799E+00, 8.47895E+01, 5.10548E+00, 2.17331E-02, 3.33720E+00, 4.13000E+00, 5.32260E+00, 1.14927E+00, 1.42540E+00, 2.36589E+01, 7.18044E+00, 4.39855E+01, 1.19220E+00, 7.18869E-01, 3.00890E+00, 3.88185E+00, 6.65769E+00, 4.64733E+00, 1.61444E+00, 7.96565E+00, 1.05737E+00, 5.92204E+00, 3.27325E+00, 2.74069E+00, 3.85662E+00, 4.62733E+00, 1.38241E+00, 1.62722E+00, 7.01726E+00, 5.88307E+00, 5.67438E-01, 3.84689E+00, 2.19442E+00, 3.80709E+00, 4.47193E+00, 4.13232E+00, 4.70375E+00), b.lab=c(-8.00262E-02, -4.64891E-02, 5.99463E-02, 9.56400E-03, -2.12126E-02, 9.48950E-02, -4.95650E-03, 3.84075E-03, 1.38218E-02, 9.34579E-02, -3.86715E-02, 1.15094E-01, -5.08983E-02, 4.74931E-02, 6.47515E-02, -3.45501E-02, 2.02988E-01, -2.37708E-02, -9.88161E-02), beta=c(-9.86250E-01, -1.39124E+00, 1.25577E+00, -3.50525E-01, -2.96186E-01, 1.10796E-01, -1.29266E+00, 8.70184E-01, 1.08189E-01, 5.24254E-01, -2.63566E-01, -1.12789E+00, 2.33293E+00, 9.82367E-01, 5.20256E-01, -2.22666E+00, 5.37084E-01, 6.52436E-03, 4.28318E-01), sigma=8.87321E-02, sigma.lab=5.12228E-01)
