list(y=c(4.20637E+01, 8.42955E-01, 3.31347E+00, 3.90481E+00, 6.86279E+00, 4.74599E+00, 5.37672E+00, 4.31634E+00, 1.20682E+00, 1.13306E+00, 1.04989E+01, 5.44331E-01, 3.97581E+00, 3.21556E+00, 3.99168E+00, 6.99870E+00, 4.04008E+00, 1.41807E+00, 1.63795E+00, 1.11123E+01, 7.97376E+00, 4.92922E+01, 5.24430E+00, 3.66344E+00, 6.30954E+00, 4.30000E+00, 1.77599E+00, 1.64274E+00, 2.13537E+00, 1.53290E+00, 3.81182E+01, 9.94345E+00, 5.28396E+00, 9.31127E-01, 3.70137E+00, 3.20403E+00, 3.53186E+00, 6.75413E+00, 4.40674E+00, 4.34070E+00, 1.56284E+00, 1.00371E+00, 2.61809E+00, 1.35743E+00, 1.21380E+01, 1.80573E+00, 4.78463E+00, 1.17519E+00, 4.81653E+00, 1.75735E+00, 4.49546E+00, 1.64620E+00, 2.48947E+00, 1.68273E+00, 1.76962E+00, 5.35156E+00, 3.27722E+00, 2.44713E+00, 3.46303E+00, 5.54605E+00, 4.17261E+00, 1.10994E+00, 1.35336E+00, 5.45265E+00, 4.74481E-01, 2.06404E+00, 3.88025E+00, 6.79245E+00, 4.25448E+00, 5.84743E+00, 1.76137E+00, 4.48751E+00, 1.44437E+00, 4.01391E+00, 1.61110E+00, 1.58394E+00, 8.55343E+01, 5.00280E+00, 3.58573E+00, 2.26251E+00, 3.38588E+00, 4.18110E+00, 5.87833E+00, 4.09083E+00, 1.04277E+00, 4.13453E+00, 1.68079E+00, 4.05398E+00, 1.95795E+00, 2.30728E+00, 1.42861E+00, 4.05523E+01, 7.17952E+00, 6.48365E+00, 4.71689E+00, 1.59784E+00, 6.51906E-01, 3.22574E+00, 2.98015E+00, 3.15417E+00, 3.30192E+00, 6.21146E+00, 5.12596E+00, 1.60657E+00, 4.07252E+00, 4.73154E+00, 1.40951E+00, 1.82100E+00, 2.27427E+00, 8.49753E+01, 7.47032E+00, 5.60861E-01, 2.72282E+00, 6.18825E+00, 4.60939E+00, 1.20942E+00, 4.42603E+01, 1.83168E+01, 5.18035E+00, 3.42899E-01, 3.27411E+00, 3.04019E+00, 6.04337E+00, 4.78541E+00, 5.06475E+00, 4.48182E+00, 4.32989E+00, 1.37967E+00, 1.42305E+00, 7.69564E+00, 1.41929E+00, 5.06918E+00, 8.21640E-01, 2.53922E+00, 3.78052E+00, 6.24891E+00, 4.17636E+00, 4.47896E+00, 1.87825E+00, 1.63919E+00, 1.09562E+00, 7.36204E+00, 6.99713E+01, 3.62046E+00, 3.78817E+00, 6.79074E+00, 1.94858E+00, 1.02469E+00, 4.14866E+00, 1.17709E+00, 2.55512E+00, 5.22957E+01, 7.51285E+00, 5.66675E+01, 1.33902E+00, 5.10757E+00, 5.88695E-01, 2.33464E+00, 4.11964E+00, 4.62196E+00, 4.17355E+00, 1.15311E+00, 3.09734E+01, 3.75635E-01, 3.99426E+00, 2.47881E+00, 3.49251E+00, 6.78106E+00, 4.32138E+00, 1.54720E+00, 4.10821E+00, 1.40278E+00, 1.71660E+00, 2.35587E+00, 1.52721E+00, 7.04460E+00, 8.25343E+01, 1.39572E+00, 5.88268E+00, 2.77268E+00, 3.24880E+00, 4.17566E+00, 1.07291E+00, 4.15803E+00, 1.34071E+00, 2.62181E+00, 2.68177E-01, 3.00992E+00, 3.31018E+00, 5.31290E+00, 4.81248E+00, 1.21289E+00, 4.28302E+00, 1.24142E+00, 1.62349E+00, 1.93725E+00, 2.07036E+00, 1.67786E+00, 7.49505E-01, 3.32865E+00, 4.23290E+00, 4.71670E+00, 1.38459E+00, 1.23949E+00, 1.34361E+00, 1.58712E+01, 1.80340E+00, 3.90292E+00, 2.13129E+00, 3.92734E+00, 6.14278E+00, 4.08236E+00, 5.34574E+00, 1.11648E+00, 1.07816E+00, 1.17376E+00, 1.24057E+00, 4.61659E+01, 1.65599E+00, 5.85772E+00, 5.22950E-01, 3.78648E+00, 4.81049E+00, 5.40762E+00, 1.53004E+00, 1.17450E+00, 2.11280E+01, 1.48801E+00, 5.30887E+00, 3.74992E+00, 6.30664E+00, 4.15810E+00, 4.61511E+00, 1.94198E+00, 1.46720E+00, 1.91576E+00, 7.49521E+01, 7.77012E+00, 8.85626E+01, 1.43194E+00, 7.81101E-01, 3.40086E+00, 3.28686E+00, 3.98118E+00, 1.40761E+00, 4.57620E+00, 1.92155E+00, 2.38974E+00, 7.18357E+01, 5.03503E+00, 4.39192E-01, 3.51141E+00, 3.21684E+00, 4.81186E+00, 5.93380E+00, 1.35546E+00, 4.45210E+00, 1.47286E+01, 1.93103E+00, 3.20126E+00, 3.88090E+00, 3.05745E+00, 6.30542E+00, 4.81111E+00, 4.08734E+00, 4.73022E+00, 1.77453E+00, 4.17497E+00, 1.73423E+00, 2.02081E+00, 4.19561E+01, 7.63802E+00, 2.76245E+01, 1.30373E+00, 5.84815E+00, 3.96290E+00, 6.47442E+00, 4.81663E+00, 1.76457E+00, 1.58698E+00, 1.04750E+01, 1.11793E-01, 2.55620E+00, 3.67681E+00, 3.68104E+00, 6.99135E+00, 5.24398E+00, 1.22787E+00, 4.51187E+00, 1.53857E+00, 1.90056E+00, 1.02929E+00, 6.23150E+01, 7.15929E+00, 9.26303E+01, 3.40384E-02, 3.20255E+00, 6.59739E+00, 4.03964E+00, 5.83981E+00, 7.89381E+00, 1.62855E+01, 1.95535E+00, 5.97412E+00, 4.24894E-01, 3.76695E+00, 2.66106E+00, 5.30058E+00, 4.86833E+00, 4.54644E+00, 1.57195E+00, 4.51711E+00, 1.27952E+00, 7.14363E+00, 9.36449E+01, 1.45281E+00, 2.31647E+00, 6.83914E+00, 4.37199E+00, 1.22987E+00, 1.89955E+00, 2.77220E+00, 1.60217E+00, 5.14864E+01, 7.34144E+00, 1.03026E+00, 5.98548E+00, 7.80176E-01, 3.64082E+00, 2.54396E+00, 3.77094E+00, 6.63359E+00, 4.80742E+00, 4.36281E+00, 1.37560E+00, 2.75515E+00, 5.67038E+01, 4.47824E+01, 1.30211E+00, 2.79512E+00, 4.12418E+00, 1.65925E+00, 4.26899E+00, 1.98319E+00, 1.85717E+01, 7.04057E+00, 2.79486E+01, 2.84866E+00, 3.54205E+00, 5.00225E+00, 4.87059E+00, 1.59705E+00, 4.09471E+00, 1.20773E+00, 1.05980E+00, 1.47654E+00, 7.44315E+01, 1.08819E+00, 5.50693E+00, 3.56692E+00, 5.79278E+00, 4.91506E+00, 4.22466E+00, 1.56942E+00, 2.19257E+00, 1.49432E+00, 8.55553E+01, 2.57204E+00, 3.22206E+00, 4.21682E+00, 4.79626E+00, 1.85512E+00, 4.08789E+00, 1.15033E+00, 1.44320E+00, 2.06933E+00, 7.88186E+00, 1.83201E+00, 6.11152E-01), b.lab=c(-8.53084E-02, 1.41865E-01, 5.66894E-02, 3.80621E-02, 8.17200E-02, 3.99366E-02, -2.45672E-02, -8.10609E-02, 8.62654E-02, 7.97387E-02, 2.31389E-02, -1.29498E-01, 8.13218E-02, 4.92913E-02, 1.49697E-03, 1.01870E-01, 7.01010E-02, -2.18854E-01, 7.33885E-02), beta=c(-8.79972E-01, 1.10440E+00, 1.35836E+00, 1.35345E-01, 9.39692E-01, -3.39258E-02, -7.16458E-02, -1.05505E+00, -5.94925E-01, -9.14749E-02, -1.58002E+00, -1.39839E-01, -1.74826E-01, 7.76288E-01, 4.02392E-01, -9.50920E-01, 5.30304E-01, -2.94234E-01, 3.32403E-02, -2.50177E-01, -5.85837E-01, -5.78255E-01, 4.16789E-01, -5.16389E-01, -7.14170E-01, 7.70537E-01, 1.74581E+00, 9.39445E-01, 1.76219E+00, 1.69204E+00, 1.43859E+00, -1.98816E+00, -8.87120E-01, -1.41820E+00, -6.22023E-01, -1.35822E+00, -8.63139E-01, -7.46276E-01, -1.66249E-01, -9.22403E-02, 7.45871E-01, 5.57602E-01, 7.03387E-01, -2.79026E-01), sigma=8.14529E-01, sigma.lab=6.77053E-01)
