list(y=c(7.09001E+00, 3.10482E+01, 1.26594E+00, 5.01772E+00, 2.28717E+00, 3.08817E+00, 1.29246E+00, 4.70432E+00, 4.95257E+00, 1.03206E+00, 9.13125E+01, 7.91811E+00, 1.29568E+00, 5.86633E+00, 5.33899E-01, 3.55430E+00, 3.38231E+00, 1.13293E+00, 4.53141E+00, 4.81457E+00, 1.92303E+00, 8.11488E+01, 7.42112E+00, 4.80726E+01, 1.30727E+00, 2.65397E+00, 3.98462E+00, 4.18068E+00, 5.34415E+00, 4.69794E+00, 4.06204E+00, 1.10035E+00, 4.43252E+00, 1.66065E+00, 1.00536E+00, 9.79586E+01, 2.00725E+00, 3.32918E+00, 4.12781E+00, 4.41577E+00, 1.83315E+00, 1.33277E+01, 1.51734E+00, 5.77618E-01, 3.78541E+00, 6.92660E+00, 5.83729E+00, 4.57419E+00, 1.95332E+00, 4.96326E+00, 1.02162E+00, 4.58432E+00, 1.04075E+00, 1.66650E+00, 7.86578E+01, 2.72529E+00, 6.22752E+00, 4.39988E+00, 5.85908E+00, 4.39144E+00, 1.67650E+00, 2.41693E+01, 7.28701E+00, 5.17274E+00, 1.74844E-01, 3.67652E+00, 2.05981E+00, 3.98468E+00, 6.66021E+00, 4.68497E+00, 5.58133E+00, 4.24216E+00, 1.63840E+00, 1.41566E+00, 4.47547E+01, 5.25003E-01, 4.12969E+00, 5.14593E+00, 4.42090E+00, 1.43296E+00, 4.95086E+00, 1.01277E+00, 1.43659E+01, 5.76952E+00, 5.20144E+00, 1.55862E+00, 1.73036E+00, 5.54555E+01, 7.57464E+00, 8.07825E+01, 1.23485E+00, 5.07891E+00, 3.56492E-02, 2.34235E+00, 3.25958E+00, 3.08808E+00, 6.26761E+00, 4.27011E+00, 5.60997E+00, 1.82346E+00, 1.47899E+00, 4.82822E+00, 1.09636E+00, 1.15007E+00, 3.16779E+01, 7.46576E+00, 9.56414E+01, 3.79554E+00, 4.59876E+00, 1.21291E+00, 1.94827E+00, 9.24421E+01, 1.39893E+00, 5.62455E+00, 3.58790E+00, 3.47624E+00, 3.89214E+00, 5.57785E+00, 4.13884E+00, 1.77983E+00, 4.44874E+00, 1.01519E+00, 4.24982E+00, 1.81911E+00, 3.26528E+01, 7.64630E+00, 1.82147E+00, 2.31048E-01, 3.11237E+00, 6.68719E+00, 1.06437E+00, 1.38698E+00, 1.25806E+00, 7.10404E+01, 1.38115E+00, 5.23160E+00, 3.87251E+00, 6.39771E+00, 4.63158E+00, 1.64223E+00, 1.64938E+00, 1.06818E+00, 7.20042E+00, 1.67998E+00, 5.94563E+00, 3.00831E+00, 3.07084E+00, 6.26936E+00, 4.65614E+00, 5.50510E+00, 4.75845E+00, 4.06484E+00, 1.46042E+00, 1.33959E+00, 7.81698E+00, 2.27897E-01, 2.04931E+00, 1.09854E+00, 1.49532E+00, 4.70776E+00, 1.21249E+00, 2.50562E+01, 7.38998E+00, 2.05078E+01, 5.25462E+00, 3.96730E+00, 3.02987E+00, 3.89408E+00, 6.44425E+00, 4.05007E+00, 4.60033E+00, 1.03813E+00, 1.89617E+00, 7.61869E+00, 5.25206E+01, 1.21034E+00, 5.25521E+00, 5.47759E+00, 4.01131E+00, 1.84610E+00, 7.57222E+00, 2.75205E+01, 5.83849E+00, 7.37350E-01, 3.98768E+00, 2.40029E+00, 6.91301E+00, 4.24378E+00, 1.01497E+00, 4.12882E+00, 1.87737E+00, 4.64766E+00, 1.42546E+00, 7.05112E+00, 1.91049E+00, 5.85413E+00, 6.45581E-01, 4.02116E+00, 4.60352E+00, 1.68950E+00, 4.86478E+00, 1.09502E+00, 9.83212E+01, 6.62281E+01, 1.50207E+00, 5.39279E-01, 3.01915E+00, 3.38400E+00, 3.97945E+00, 6.02328E+00, 4.94586E+00, 1.51397E+00, 1.56504E+00, 1.79707E+00, 9.85857E+01, 4.46519E+01, 1.70388E+00, 2.84042E+00, 4.26920E+00, 4.31606E+00, 1.24170E+00, 4.62956E+00, 1.27399E+00, 7.70652E+00, 2.53819E+01, 3.98345E+00, 2.30767E+00, 3.22520E+00, 6.64923E+00, 4.78101E+00, 4.96394E+00, 1.05159E+00, 4.30620E+00, 1.01300E+00, 9.26405E+01, 7.04995E+00, 1.63805E+00, 5.22855E+00, 2.07247E+00, 3.10194E+00, 3.33856E+00, 6.52914E+00, 4.95614E+00, 1.79994E+00, 1.01241E+00, 4.70830E+00, 1.12302E+00, 7.34709E+01, 3.00264E+00, 4.58193E+00, 1.35430E+00, 4.10735E+00, 1.27641E+00, 4.72711E+00, 1.25650E+00, 1.17862E+00, 2.07404E+01, 5.79887E-02, 3.72033E+00, 2.62417E+00, 3.49768E+00, 5.94710E+00, 4.12131E+00, 1.96914E+00, 1.15189E+00, 7.50738E+00, 6.25243E+01, 5.78168E+00, 3.21412E-03, 3.18371E+00, 2.29114E+00, 3.93214E+00, 6.18585E+00, 5.15206E+00, 4.57433E+00, 4.11560E+00, 8.23717E+01, 3.49280E+01, 3.08324E+00, 3.57428E+00, 4.31086E+00, 1.78360E+00, 4.48179E+00, 1.99646E+00, 2.12125E+01, 1.72403E+00, 8.00028E-01, 3.24923E+00, 2.73625E+00, 3.25461E+00, 6.39336E+00, 4.06875E+00, 5.05749E+00, 4.82623E+00, 4.70716E+00, 1.87774E+00, 1.00998E+00, 1.60239E+00, 3.06664E-01, 3.70142E+00, 6.18913E+00, 5.42363E+00, 4.02051E+00, 1.50635E+00, 7.74975E+00, 6.41613E+01, 1.29575E+00, 2.70121E+00, 3.34414E+00, 3.27496E+00, 6.76197E+00, 4.04599E+00, 5.24666E+00, 4.20791E+00, 1.76255E+00, 4.92969E+00, 1.73393E+00, 5.98791E+00, 8.49501E-01, 3.15351E+00, 2.91096E+00, 6.20199E+00, 1.60294E+00, 1.65839E+00, 4.40975E+00, 1.49350E+00, 3.81870E+01, 1.31803E+00, 5.70256E+00, 3.34987E+00, 2.96685E+00, 6.61894E+00, 4.62570E+00, 4.61249E+00, 1.83421E+00, 4.06319E+00, 4.69398E+00, 1.84440E+01, 3.61561E+00, 5.33281E+00, 1.07736E+00, 4.33350E+00, 4.30325E+00, 1.13515E+00, 1.88516E+00, 7.93931E+00, 1.81250E+00, 3.21460E+00, 2.95635E+00, 3.93235E+00, 6.25391E+00, 4.44267E+00, 5.75858E+00, 4.43130E+00, 1.09594E+00, 4.11466E+00, 1.18911E+00, 7.98591E+00, 7.02412E+01, 1.91436E+00, 2.56618E+00, 3.67367E+00, 3.41545E+00, 6.81436E+00, 4.79731E+00, 1.80892E+00, 4.30717E+00, 4.93406E+00, 1.28838E+00, 5.56000E+00, 2.83052E+00, 3.70982E+00, 4.00231E+00, 5.61472E+00, 4.86008E+00, 1.89249E+00, 1.21954E+00, 4.44899E+00, 1.69288E+00, 4.01118E+01, 6.06750E+01, 3.20845E-01, 3.14639E+00, 6.27697E+00, 4.67543E+00, 5.46755E+00, 4.72363E+00, 1.74832E+00, 4.19286E+00, 1.80101E+00, 3.43164E+01, 7.91296E+01, 1.56769E+00, 3.34259E+00, 6.59884E+00, 5.37727E+00, 1.28139E+00), b.lab=c(-7.03443E-02, 1.65403E-01, -1.53663E-01, 1.18140E-02, -3.03432E-01, -5.83628E-02, 1.51230E-01, -7.61241E-02, 1.38848E-01, -7.04623E-02, 7.45700E-02, 7.55256E-02, 1.63827E-01, 1.71745E-01, -6.48987E-02, 1.84944E-02, -8.34740E-02, 4.00630E-02, 6.48757E-02, 4.14546E-02), beta=c(8.92683E-01, 2.50605E-01, -6.64497E-01, 1.00280E+00, 6.05774E-01, 3.86502E-01, -1.43160E+00, 9.99345E-01, -6.33894E-01, -7.66531E-01, 9.79730E-01, 8.39762E-01, -1.64271E+00, -1.90318E-01, 2.68139E-01, 8.32147E-01, -7.10337E-01, 1.29742E+00, -1.53973E+00, -1.24471E+00), sigma=2.70114E-01, sigma.lab=2.96430E-01)
