list(y=c(3.99700E+01, 8.46077E-01, 3.31420E+00, 3.83963E+00, 6.60178E+00, 4.80041E+00, 5.58455E+00, 4.83777E+00, 1.47111E+00, 1.23157E+00, 7.45308E+01, 2.44179E+00, 3.65836E+00, 6.02077E+00, 4.88340E+00, 5.11064E+00, 4.66582E+00, 1.82827E+00, 1.64149E+00, 5.94827E+00, 1.94013E-02, 3.10978E+00, 3.72584E+00, 6.72892E+00, 1.16649E+00, 7.46806E+00, 4.33938E+01, 1.78946E+00, 5.25548E+00, 2.16198E-02, 3.35035E+00, 3.53595E+00, 6.25361E+00, 4.67006E+00, 5.48430E+00, 1.88605E+00, 4.65791E+00, 1.61868E+00, 1.40804E+00, 7.97412E+00, 6.60985E+01, 5.05918E+00, 3.00873E+00, 2.67641E+00, 3.36149E+00, 4.92957E+00, 7.76812E+00, 8.18474E+01, 1.42824E+00, 5.09653E+00, 7.89707E-01, 3.02372E+00, 3.62552E+00, 3.72808E+00, 4.87410E+00, 1.82554E+00, 1.12315E+00, 4.00857E+00, 1.33346E+00, 7.81296E+01, 1.41112E+00, 3.94540E+00, 4.79721E+00, 1.72442E+00, 4.87839E+00, 1.97407E+00, 7.04833E+00, 5.08544E+01, 1.81454E+00, 5.23510E+00, 3.16749E+00, 2.20303E+00, 3.48454E+00, 3.82182E+00, 6.82828E+00, 4.72471E+00, 1.88335E+00, 1.97825E+00, 5.85086E+01, 7.86716E+00, 1.72662E+00, 1.20677E-01, 3.41141E+00, 2.79432E+00, 3.25145E+00, 3.86188E+00, 6.64545E+00, 4.42135E+00, 4.68921E+00, 1.15627E+00, 4.38337E+00, 1.78509E+00, 4.55316E+00, 3.31417E+00, 4.12536E+00, 4.55379E+00, 1.50146E+00, 5.01801E+00, 9.85228E-01, 3.10883E+00, 2.75897E+00, 3.08444E+00, 6.39507E+00, 5.57525E+00, 4.72414E+00, 4.84044E+00, 1.90191E+00, 4.34750E+00, 1.10171E+00, 7.30871E+01, 7.53373E+00, 8.78708E-01, 2.53303E+00, 6.58405E+00, 4.67053E+00, 1.65656E+00, 8.14029E+01, 5.05248E+00, 3.95780E+00, 2.62433E+00, 3.99546E+00, 4.34811E+00, 5.39568E+00, 4.82637E+00, 1.71826E+00, 4.16785E+00, 4.66129E+00, 9.37361E+00, 7.91827E+00, 6.34944E-01, 2.49221E+00, 3.73404E+00, 3.60728E+00, 4.22801E+00, 5.12366E+00, 1.13110E+00, 4.25270E+00, 4.93134E+00, 6.45135E+01, 6.82894E+01, 8.15758E-01, 2.66558E+00, 3.47671E+00, 1.61515E+00, 4.76418E+00, 1.95295E+00, 7.95553E+01, 7.50690E+01, 1.40434E+00, 5.68729E+00, 3.40760E+00, 3.55171E+00, 3.00155E+00, 6.79577E+00, 4.00764E+00, 5.53494E+00, 4.69664E+00, 4.61311E+00, 1.07821E+00, 1.13917E+00, 5.12930E-01, 2.70862E+00, 5.38998E+00, 4.96403E+00, 1.63200E+00, 4.77070E+00, 1.03982E+00, 8.09410E+01, 4.73249E-01, 3.13099E+00, 2.95845E+00, 3.77690E+00, 3.37605E+00, 6.99564E+00, 4.60535E+00, 4.64184E+00, 1.50539E+00, 4.67468E+00, 1.54196E+00, 1.50476E+00, 6.42766E+01, 1.37254E+00, 3.61792E+00, 3.07141E+00, 4.65471E+00, 5.99145E+00, 1.44415E+00, 7.72811E+01, 3.89063E+01, 3.53883E+00, 2.74030E+00, 3.74953E+00, 3.92849E+00, 6.78718E+00, 5.16107E+00, 4.55543E+00, 1.51420E+00, 1.00522E+00, 7.33879E+00, 5.13256E+00, 2.74729E+00, 4.11598E+00, 5.72493E+00, 4.91710E+00, 4.51980E+00, 1.34987E+00, 7.67449E+00, 5.15613E+00, 8.14202E-01, 3.98594E+00, 3.46481E+00, 3.32499E+00, 6.08371E+00, 5.42636E+00, 1.50397E+00, 4.51945E+00, 1.68547E+00, 9.76815E+01, 1.21749E+00, 5.05851E+00, 7.87033E-01, 3.64441E+00, 4.08950E+00, 5.40833E+00, 1.25620E+00, 1.26515E+00, 2.67202E+01, 9.61749E-01, 3.35515E+00, 4.90112E+00, 5.76402E+00, 4.69235E+00, 1.89843E+00, 9.22631E+01, 7.58077E+00, 1.17887E+00, 5.14980E+00, 4.63802E-01, 3.09999E+00, 2.26064E+00, 3.48733E+00, 6.87993E+00, 5.93927E+00, 4.19747E+00, 1.59867E+01, 7.27330E+00, 1.78338E+00, 5.33205E+00, 3.29325E+00, 6.43453E+00, 4.88753E+00, 1.11933E+00, 4.33623E+00, 4.99900E+00, 1.53013E+00, 8.86850E+01, 1.52536E+00, 3.53679E+00, 4.03905E+00, 1.05850E+00, 1.59566E+00, 4.77740E+00, 1.15022E+00, 1.78732E+00, 7.16687E+00, 1.77485E+00, 5.59752E+00, 7.00219E-01, 2.90647E+00, 3.99711E+00, 6.43710E+00, 4.42850E+00, 5.06326E+00, 4.49634E+00, 1.71267E+00, 1.51192E+00, 2.02397E+01, 7.28385E+00, 5.14887E+00, 3.45428E+00, 1.41732E+00, 4.02252E+00, 1.53259E+00, 6.52130E+01, 7.26526E+00, 7.48956E+01, 5.43046E+00, 3.95413E+00, 2.79128E+00, 3.11165E+00, 4.61009E+00, 4.65912E+00, 1.16029E+00, 4.81003E+00, 1.22771E+00, 1.45136E+00, 4.02285E+01, 5.79348E+00, 3.71256E-01, 3.00799E+00, 4.30703E+00, 1.68501E+00, 1.23455E+00, 8.93773E+01, 7.93630E+00, 5.80328E+01, 1.81297E+00, 3.82554E+00, 3.76153E+00, 4.79145E+00, 5.63403E+00, 4.15172E+00, 4.69416E+00, 1.43416E+00, 7.63037E+01, 7.32154E+00, 2.70906E-01, 3.10401E+00, 3.52159E+00, 5.46437E+00, 1.01581E+00, 1.79517E+00, 1.12148E+00, 1.23462E+01, 7.56414E+00, 1.42255E+00, 5.71833E+00, 1.14083E-01, 3.30882E+00, 2.25313E+00, 3.94039E+00, 6.27630E+00, 4.22360E+00, 4.57571E+00, 1.13963E+00, 8.33707E+01, 6.61147E+01, 5.22918E+00, 4.64135E-01, 3.13348E+00, 4.86126E+00, 1.04467E+00, 1.42700E+00, 7.42539E+01, 5.89416E+00, 6.24056E-01, 3.96473E+00, 4.07550E+00, 5.36078E+00, 1.57316E+00, 1.08666E+00, 7.80272E+01, 7.70823E+00, 1.86041E+01, 1.72449E+00, 7.22093E-01, 3.35512E+00, 3.71483E+00, 6.08977E+00, 4.88237E+00, 1.98726E+00, 7.94427E+00, 1.79977E+00, 5.86516E+00, 3.47922E+00, 2.67689E+00, 3.52109E+00, 4.25879E+00, 1.07596E+00, 1.73593E+00, 7.80442E+00, 5.84077E+00, 2.63141E-01, 3.96180E+00, 2.19818E+00, 3.18581E+00, 4.65077E+00, 4.25861E+00, 4.84428E+00), b.lab=c(8.77412E-02, 2.09125E-01, -1.31831E-01, 4.73901E-02, -4.79352E-02, -1.57707E-01, 2.01360E-01, -1.40434E-02, -3.66339E-03, -5.07228E-02, 1.51146E-02, 1.32211E-01, -4.33020E-02, -6.14244E-02, 4.87410E-02, 7.91255E-02, -1.33940E-01, 4.34861E-02, -3.04286E-03), beta=c(-1.56316E+00, -3.02242E-01, 7.94810E-01, 1.46341E+00, -2.40780E-01, -3.35497E-02, -5.95143E-01, 1.30732E-01, 2.48852E-01, 2.64358E+00, 3.74769E-01, -2.32866E-01, -1.45299E+00, 1.10735E+00, -1.56714E+00, 6.79648E-01, -1.28149E+00, -1.87512E+00, 4.14586E-01, -8.27765E-01), sigma=6.63067E-01, sigma.lab=4.71867E-01)
