list(y=c(7.49737E+01, 1.94759E-01, 3.12969E+00, 3.41304E+00, 6.53755E+00, 4.83814E+00, 5.12022E+00, 4.84625E+00, 1.51157E+00, 1.72744E+00, 9.31338E+01, 2.88038E+00, 3.04081E+00, 6.70648E+00, 4.98958E+00, 5.17746E+00, 4.30966E+00, 1.76193E+00, 1.57353E+00, 5.48434E+00, 4.57818E-01, 3.10836E+00, 3.73107E+00, 6.12824E+00, 1.66751E+00, 7.41898E+00, 4.72833E+01, 1.01271E+00, 5.15597E+00, 7.02939E-01, 3.01940E+00, 3.98691E+00, 6.55234E+00, 4.22165E+00, 5.20284E+00, 1.87023E+00, 4.23745E+00, 1.98229E+00, 1.11270E+00, 7.47767E+00, 7.62115E+01, 5.10604E+00, 3.90666E+00, 2.77920E+00, 3.53044E+00, 4.71399E+00, 7.74779E+00, 3.36795E+01, 1.87503E+00, 5.53763E+00, 2.24482E-01, 3.76208E+00, 3.61348E+00, 3.99180E+00, 4.96965E+00, 1.79985E+00, 1.15266E+00, 4.50097E+00, 1.98768E+00, 3.65981E+01, 1.05627E+00, 3.50353E+00, 4.95094E+00, 1.02335E+00, 4.39254E+00, 1.96492E+00, 7.46149E+00, 2.67964E+01, 1.91007E+00, 5.24499E+00, 3.07548E+00, 2.08622E+00, 3.92247E+00, 3.67145E+00, 6.58690E+00, 4.62008E+00, 1.42887E+00, 1.94970E+00, 2.73261E+01, 7.64804E+00, 1.53361E+00, 9.72124E-01, 3.88133E+00, 2.54884E+00, 3.03800E+00, 3.77391E+00, 6.18125E+00, 4.76137E+00, 4.20999E+00, 1.69017E+00, 4.90239E+00, 1.56666E+00, 4.39942E+00, 3.41249E+00, 4.48586E+00, 4.36741E+00, 1.24003E+00, 5.90636E+00, 2.49829E-01, 3.02908E+00, 2.99579E+00, 3.02639E+00, 6.96609E+00, 5.58080E+00, 4.01658E+00, 4.58158E+00, 1.31811E+00, 4.87932E+00, 1.30912E+00, 8.03438E+01, 7.50272E+00, 3.32472E-03, 2.91916E+00, 6.38186E+00, 4.50829E+00, 1.47805E+00, 3.62537E+01, 5.05488E+00, 3.59418E+00, 2.89312E+00, 3.97902E+00, 4.45625E+00, 5.28903E+00, 4.54057E+00, 1.91218E+00, 4.92745E+00, 4.49168E+00, 9.33666E+01, 7.65763E+00, 6.25483E-01, 2.31965E+00, 3.07760E+00, 3.84627E+00, 4.38350E+00, 5.20244E+00, 1.64240E+00, 4.73769E+00, 4.89143E+00, 3.57940E+01, 9.08283E+01, 9.85894E-01, 2.30656E+00, 3.92119E+00, 1.37807E+00, 4.38251E+00, 1.88591E+00, 7.35483E+01, 1.92837E+01, 1.72907E+00, 5.54845E+00, 3.04535E+00, 3.27321E+00, 3.20243E+00, 6.65842E+00, 4.35410E+00, 5.47845E+00, 4.01234E+00, 4.07247E+00, 1.36525E+00, 1.25634E+00, 9.19274E-01, 2.85314E+00, 5.09687E+00, 4.71652E+00, 1.59631E+00, 4.06947E+00, 1.12679E+00, 1.42882E+01, 3.83334E-01, 3.40027E+00, 2.95248E+00, 3.68097E+00, 3.65281E+00, 6.55261E+00, 4.74349E+00, 4.46124E+00, 1.92124E+00, 4.92003E+00, 1.60502E+00, 1.02370E+00, 8.14441E+01, 1.78106E+00, 3.91061E+00, 3.95860E+00, 4.72097E+00, 5.20776E+00, 1.94287E+00, 8.51820E+01, 1.65262E+01, 3.78597E+00, 2.34144E+00, 3.60777E+00, 3.60023E+00, 6.57347E+00, 5.41941E+00, 4.33915E+00, 1.58490E+00, 1.87483E+00, 7.88935E+00, 5.32258E+00, 2.68637E+00, 4.99409E+00, 5.73720E+00, 4.91132E+00, 4.03660E+00, 1.06628E+00, 7.25694E+00, 5.00710E+00, 3.39131E-01, 3.81729E+00, 3.80647E+00, 3.00641E+00, 6.43800E+00, 5.98320E+00, 1.01178E+00, 4.35574E+00, 1.60562E+00, 7.10582E+01, 1.16119E+00, 5.90812E+00, 2.39040E-01, 3.19828E+00, 4.24490E+00, 5.84707E+00, 1.82909E+00, 1.03613E+00, 9.49376E+01, 3.63321E-01, 3.66922E+00, 4.58906E+00, 5.72070E+00, 4.28570E+00, 1.07956E+00, 4.03531E+01, 7.67534E+00, 1.31356E+00, 5.06514E+00, 4.53466E-01, 3.11653E+00, 2.36813E+00, 3.88663E+00, 6.27528E+00, 5.12821E+00, 4.12900E+00, 8.29637E+01, 7.35100E+00, 1.33449E+00, 5.11344E+00, 3.44931E+00, 6.78306E+00, 4.04987E+00, 1.72945E+00, 4.10986E+00, 4.11323E+00, 1.60425E+00, 5.79818E+01, 1.21862E+00, 3.08860E+00, 4.25782E+00, 1.07444E+00, 1.60446E+00, 4.35313E+00, 1.26890E+00, 1.60986E+00, 7.38415E+00, 1.53066E+00, 5.86712E+00, 6.29729E-01, 2.57426E+00, 3.55767E+00, 6.48112E+00, 4.31087E+00, 5.41628E+00, 4.14132E+00, 1.38514E+00, 1.23068E+00, 4.84030E+01, 7.99436E+00, 5.62675E+00, 3.94217E+00, 1.16225E+00, 4.63077E+00, 1.90034E+00, 7.15254E+01, 7.61182E+00, 6.48118E+01, 5.54189E+00, 3.66097E+00, 2.12446E+00, 3.81964E+00, 4.04486E+00, 4.90125E+00, 1.02929E+00, 4.66622E+00, 1.42320E+00, 1.91586E+00, 4.87240E+01, 5.89980E+00, 5.89653E-01, 3.33338E+00, 4.87964E+00, 1.74501E+00, 1.19659E+00, 3.71163E+01, 7.19130E+00, 1.98896E+01, 1.20625E+00, 3.03997E+00, 3.17960E+00, 4.77071E+00, 5.92237E+00, 4.21130E+00, 4.02541E+00, 1.19538E+00, 1.10724E+01, 7.35080E+00, 7.72383E-01, 3.74176E+00, 3.14603E+00, 5.79738E+00, 1.22128E+00, 1.49528E+00, 1.13268E+00, 9.18329E+01, 7.05705E+00, 1.87167E+00, 5.61914E+00, 2.00046E-01, 3.32811E+00, 2.09921E+00, 3.27075E+00, 6.23789E+00, 4.88160E+00, 4.19451E+00, 1.24901E+00, 7.86244E+01, 3.19426E+01, 5.49031E+00, 3.78664E-01, 3.81361E+00, 4.71227E+00, 1.39769E+00, 1.50036E+00, 2.38295E+01, 5.81238E+00, 9.04574E-01, 3.23675E+00, 4.96963E+00, 5.95222E+00, 1.69364E+00, 1.88529E+00, 8.53614E+01, 7.87098E+00, 6.98628E+01, 1.13494E+00, 7.10421E-01, 3.29027E+00, 3.90405E+00, 6.77075E+00, 4.61567E+00, 1.07461E+00, 7.90529E+00, 1.19699E+00, 5.41826E+00, 3.83527E+00, 2.60028E+00, 3.74588E+00, 4.04464E+00, 1.21877E+00, 1.71057E+00, 7.45567E+00, 5.47638E+00, 5.59739E-01, 3.37274E+00, 2.69244E+00, 3.72030E+00, 4.67388E+00, 4.70103E+00, 4.68059E+00), b.lab=c(-3.66179E-02, -4.10861E-04, -1.32195E-02, 1.25490E-01, -9.99434E-02, -1.79508E-02, 4.28849E-03, 2.17840E-02, -5.92643E-03, 3.37508E-04, 5.64532E-02, 1.05690E-02, 1.53340E-01, -7.90650E-03, 1.84192E-02, 3.34106E-02, 1.07085E-01, -1.05269E-01, -1.14214E-01), beta=c(-4.66422E-01, -5.59103E-01, 9.94914E-01, 1.05344E+00, -2.18460E+00, 9.41918E-01, 1.33852E-01, 2.40497E-01, -7.09938E-01, -3.57713E-01, 1.16696E+00, -5.43836E-01, -1.54297E+00, 3.90347E-01, -6.89484E-01, -1.41109E+00, 3.44175E-01, 1.22455E-01, -1.90306E-01, -2.72180E-02), sigma=3.30139E-01, sigma.lab=9.52311E-01)
