list(y=c(2.82133E+01, 7.62962E-01, 3.87691E+00, 3.22206E+00, 6.95813E+00, 4.63249E+00, 5.08400E+00, 4.64555E+00, 1.86782E+00, 1.21239E+00, 2.54158E+01, 2.46720E-01, 3.09414E+00, 3.43797E+00, 3.05972E+00, 6.40654E+00, 4.09405E+00, 1.52535E+00, 1.20467E+00, 4.23550E+01, 7.02873E+00, 6.19618E+01, 5.63292E+00, 3.82334E+00, 6.30881E+00, 4.54303E+00, 1.33675E+00, 1.88987E+00, 2.90483E+00, 1.00366E+00, 7.90981E+01, 9.75017E+01, 5.23299E+00, 2.56158E-01, 3.51297E+00, 3.35693E+00, 3.89272E+00, 6.84153E+00, 4.89394E+00, 4.15094E+00, 1.32628E+00, 1.54319E+00, 2.24870E+00, 1.78365E+00, 1.99945E+01, 1.11623E+00, 4.37420E+00, 1.80630E+00, 4.73316E+00, 1.20534E+00, 4.54022E+00, 1.29899E+00, 2.67721E+00, 1.05310E+00, 1.00642E+00, 5.78413E+00, 3.52286E+00, 2.36247E+00, 3.38291E+00, 5.45240E+00, 4.30414E+00, 1.69492E+00, 1.31238E+00, 5.31131E+00, 8.94343E-01, 2.09929E+00, 3.81971E+00, 6.93976E+00, 4.65460E+00, 5.13519E+00, 1.65914E+00, 4.25587E+00, 1.18676E+00, 4.20618E+00, 1.15332E+00, 1.03474E+00, 7.68249E+01, 5.09356E+00, 3.50648E+00, 2.80549E+00, 3.67761E+00, 4.92006E+00, 5.73980E+00, 4.07587E+00, 1.75091E+00, 4.28847E+00, 1.17702E+00, 4.22823E+00, 1.80488E+00, 2.01944E+00, 1.55865E+00, 5.99896E+01, 7.47420E+00, 6.62120E+00, 4.41183E+00, 1.88619E+00, 6.51284E-01, 3.73688E+00, 2.27967E+00, 3.81558E+00, 3.21684E+00, 6.91597E+00, 5.10375E+00, 1.53075E+00, 4.64854E+00, 4.57712E+00, 1.26708E+00, 1.95399E+00, 2.68312E+00, 9.77120E+01, 7.56553E+00, 4.52927E-02, 2.43968E+00, 6.89001E+00, 4.94749E+00, 1.39730E+00, 4.26960E+01, 5.36687E+01, 5.06506E+00, 2.04816E-01, 3.61117E+00, 3.67150E+00, 6.67320E+00, 4.71915E+00, 5.82291E+00, 4.55186E+00, 4.09207E+00, 1.83469E+00, 1.99394E+00, 7.52879E+00, 1.75175E+00, 5.84401E+00, 1.78306E-01, 2.76388E+00, 3.25089E+00, 6.55009E+00, 4.01571E+00, 4.47105E+00, 1.80568E+00, 1.00273E+00, 1.94098E+00, 7.72765E+00, 8.30073E+01, 3.56277E+00, 3.30961E+00, 6.35727E+00, 1.68001E+00, 1.96772E+00, 4.29699E+00, 1.04967E+00, 2.25311E+00, 6.64339E+01, 7.05522E+00, 2.68540E+01, 1.94939E+00, 5.52557E+00, 9.31299E-01, 2.72412E+00, 4.70216E+00, 4.82040E+00, 4.76048E+00, 1.92817E+00, 1.30316E+01, 8.72395E-01, 3.29370E+00, 2.99372E+00, 3.08258E+00, 6.55203E+00, 4.87397E+00, 1.97306E+00, 4.83532E+00, 1.83428E+00, 1.18313E+00, 2.04482E+00, 1.60159E+00, 7.96921E+00, 8.84055E+01, 1.10167E+00, 5.49915E+00, 2.34271E+00, 3.65214E+00, 4.20357E+00, 1.37941E+00, 4.80287E+00, 1.88898E+00, 2.95918E+00, 9.65373E-01, 3.15933E+00, 3.87670E+00, 5.98104E+00, 4.70025E+00, 1.01631E+00, 4.55255E+00, 1.30674E+00, 1.93476E+00, 1.95970E+00, 2.55086E+00, 1.25441E+00, 2.68674E-01, 3.47252E+00, 4.36037E+00, 4.13132E+00, 1.68675E+00, 1.17788E+00, 1.25759E+00, 5.43088E+01, 1.18501E+00, 3.83434E+00, 2.89140E+00, 3.49213E+00, 6.63414E+00, 4.08961E+00, 5.01160E+00, 1.03307E+00, 1.92155E+00, 1.49020E+00, 1.75973E+00, 2.07191E+01, 1.90411E+00, 5.06129E+00, 2.09814E-01, 3.62184E+00, 4.31663E+00, 5.87453E+00, 1.94370E+00, 1.33293E+00, 4.73490E+01, 1.26025E+00, 5.20686E+00, 3.88997E+00, 6.72398E+00, 4.42424E+00, 4.48158E+00, 1.81819E+00, 1.35455E+00, 1.65513E+00, 2.53640E+01, 7.17203E+00, 8.04509E+01, 1.94558E+00, 6.97018E-01, 3.41851E+00, 3.78196E+00, 3.74740E+00, 1.87175E+00, 4.67566E+00, 1.56283E+00, 2.06700E+00, 9.65114E+01, 5.39612E+00, 5.53445E-01, 3.92038E+00, 3.26925E+00, 4.67437E+00, 5.35034E+00, 1.57943E+00, 4.47439E+00, 9.28578E+01, 1.83501E+00, 3.02775E+00, 3.43642E+00, 3.20025E+00, 6.82267E+00, 4.69532E+00, 4.52210E+00, 4.71943E+00, 1.33222E+00, 4.32108E+00, 1.75763E+00, 2.41708E+00, 9.00702E+01, 7.04072E+00, 4.43882E+01, 1.39248E+00, 5.04936E+00, 3.01753E+00, 6.45405E+00, 4.60537E+00, 1.37782E+00, 1.49565E+00, 9.95704E+01, 4.35437E-01, 2.41819E+00, 3.16891E+00, 3.94104E+00, 6.67585E+00, 5.43879E+00, 1.19804E+00, 4.58375E+00, 1.35892E+00, 1.15150E+00, 1.80535E+00, 4.90273E+01, 7.95730E+00, 4.09846E+01, 3.76345E-02, 3.52978E+00, 6.29017E+00, 4.01375E+00, 5.99253E+00, 7.31825E+00, 8.73399E+01, 1.78006E+00, 5.71199E+00, 3.49087E-01, 3.30590E+00, 2.97030E+00, 5.04593E+00, 4.91647E+00, 4.46334E+00, 1.29602E+00, 4.76196E+00, 1.90937E+00, 7.81379E+00, 6.17516E+01, 1.65116E+00, 2.99653E+00, 6.86027E+00, 4.07987E+00, 1.92483E+00, 1.98409E+00, 2.80451E+00, 1.31125E+00, 2.62964E+01, 7.21482E+00, 1.76076E+00, 5.66273E+00, 2.81351E-01, 3.00968E+00, 2.73039E+00, 3.86293E+00, 6.23785E+00, 4.80698E+00, 4.13447E+00, 1.10810E+00, 2.47155E+00, 6.80610E+01, 2.11329E+01, 1.56793E+00, 2.41237E+00, 4.32140E+00, 1.58915E+00, 4.76433E+00, 1.32308E+00, 4.27622E+01, 7.05294E+00, 7.46703E+01, 2.28257E+00, 3.27118E+00, 5.64401E+00, 4.42514E+00, 1.30748E+00, 4.51970E+00, 1.21484E+00, 1.04004E+00, 1.55514E+00, 3.45064E+01, 1.18524E+00, 5.04588E+00, 3.16524E+00, 5.14718E+00, 4.52362E+00, 4.31218E+00, 1.77845E+00, 2.21284E+00, 1.96981E+00, 9.85677E+01, 2.51680E+00, 3.29802E+00, 4.05127E+00, 4.77789E+00, 1.40612E+00, 4.47882E+00, 1.04111E+00, 1.74070E+00, 2.03056E+00, 7.54421E+00, 1.66790E+00, 3.42762E-01), b.lab=c(2.03905E-01, -1.30759E-01, 2.86866E-02, 5.28990E-02, -1.62536E-01, 1.99582E-01, -1.50504E-03, -1.77540E-01, -3.21623E-02, 2.59621E-01, -5.64277E-02, -6.25703E-02, -1.30317E-01, 7.12862E-02, -5.60741E-02, -2.05233E-03, 1.17054E-02, 1.07203E-01, -1.24421E-02), beta=c(-6.74043E-01, -1.30377E-02, 1.00823E+00, -1.06633E+00, -9.83079E-01, 1.63715E+00, 1.19953E+00, -2.70028E-01, 6.84045E-01, 7.07877E-01, -7.18374E-01, -1.65686E+00, -9.14326E-01, -8.47340E-01, 2.84307E-01, 6.76202E-01, 1.53420E+00, -5.88435E-01, -1.28826E+00, -2.71921E-01, 5.70033E-01, -5.59591E-01, 1.68729E-01, -3.66961E-01, 9.76807E-01, 6.79313E-02, -1.25653E+00, -2.32569E-01, 1.25564E+00, 1.00055E+00, -6.18922E-01, -2.29275E+00, 9.06681E-01, 2.39856E+00, 1.05632E+00, -2.91822E-01, 1.92593E+00, -5.40412E-01, 3.14289E-01, -1.30231E+00, -4.60168E-01, 1.09316E+00, 8.23876E-01, 9.65429E-01), sigma=7.18797E-02, sigma.lab=2.37244E-01)
