list(y=c(4.80106E+01, 7.47164E-01, 3.07246E+00, 3.86996E+00, 6.43793E+00, 4.25043E+00, 5.17825E+00, 4.70130E+00, 1.53042E+00, 1.60265E+00, 9.51739E+01, 2.71793E+00, 3.56019E+00, 6.83661E+00, 4.62745E+00, 5.34935E+00, 4.92946E+00, 1.57664E+00, 1.53776E+00, 5.67807E+00, 6.66500E-01, 3.09546E+00, 3.79257E+00, 6.63336E+00, 1.73298E+00, 7.91487E+00, 4.57666E+01, 1.42514E+00, 5.87328E+00, 4.74478E-01, 3.36589E+00, 3.97922E+00, 6.33296E+00, 4.53175E+00, 5.65260E+00, 1.58659E+00, 4.43227E+00, 1.38728E+00, 1.92520E+00, 7.91599E+00, 6.57774E+01, 5.25263E+00, 3.96092E+00, 2.36749E+00, 3.82008E+00, 4.61718E+00, 7.43926E+00, 2.50017E+01, 1.61850E+00, 5.11034E+00, 6.98201E-01, 3.86408E+00, 3.52024E+00, 3.46620E+00, 4.78813E+00, 1.74735E+00, 1.65845E+00, 4.58906E+00, 1.87904E+00, 7.17691E+01, 1.11883E+00, 3.76433E+00, 4.14232E+00, 1.92969E+00, 4.41948E+00, 1.83105E+00, 7.49590E+00, 2.76329E+01, 1.07961E+00, 5.20601E+00, 3.47981E+00, 2.39715E+00, 3.47391E+00, 3.39696E+00, 6.64165E+00, 4.20801E+00, 1.83373E+00, 1.41467E+00, 4.37192E+01, 7.64204E+00, 1.69980E+00, 9.75340E-01, 3.13109E+00, 2.76269E+00, 3.38919E+00, 3.17749E+00, 6.89545E+00, 4.31000E+00, 4.14788E+00, 1.59783E+00, 4.29698E+00, 1.84305E+00, 4.68193E+00, 3.58387E+00, 4.71099E+00, 4.05610E+00, 1.52131E+00, 5.78273E+00, 9.34697E-01, 3.09001E+00, 2.17885E+00, 3.62159E+00, 6.61095E+00, 5.94332E+00, 4.55916E+00, 4.72881E+00, 1.55364E+00, 4.19641E+00, 1.51970E+00, 8.47714E+01, 7.32633E+00, 5.00498E-01, 2.10874E+00, 6.88161E+00, 4.44992E+00, 1.86029E+00, 3.78383E+01, 5.33289E+00, 3.54096E+00, 2.60361E+00, 3.25011E+00, 4.06852E+00, 5.84276E+00, 4.99627E+00, 1.37379E+00, 4.40632E+00, 4.89882E+00, 5.99954E+01, 7.59347E+00, 4.30058E-02, 2.86372E+00, 3.61894E+00, 3.29510E+00, 4.02939E+00, 5.26407E+00, 1.66177E+00, 4.23930E+00, 4.92381E+00, 4.83558E+01, 5.45501E+01, 5.80296E-01, 2.16545E+00, 3.45575E+00, 1.07270E+00, 4.27654E+00, 1.95513E+00, 5.44198E+01, 2.46607E+01, 1.10002E+00, 5.23792E+00, 3.62519E+00, 3.90640E+00, 3.62802E+00, 6.49246E+00, 4.63598E+00, 5.55589E+00, 4.49390E+00, 4.61676E+00, 1.12030E+00, 1.74686E+00, 2.26902E-01, 2.40124E+00, 5.25393E+00, 4.62523E+00, 1.54386E+00, 4.36393E+00, 1.28558E+00, 5.47235E+01, 1.84103E-01, 3.74998E+00, 2.35496E+00, 3.72510E+00, 3.97636E+00, 6.65522E+00, 4.53583E+00, 4.10783E+00, 1.67406E+00, 4.74203E+00, 1.36714E+00, 1.18091E+00, 4.09179E+01, 1.60058E+00, 3.20484E+00, 3.89770E+00, 4.04854E+00, 5.56720E+00, 1.36207E+00, 2.28981E+01, 2.98430E+01, 3.87508E+00, 2.62041E+00, 3.00649E+00, 3.28475E+00, 6.83201E+00, 5.22010E+00, 4.68967E+00, 1.98405E+00, 1.36705E+00, 7.36307E+00, 5.91393E+00, 2.16172E+00, 4.68845E+00, 5.10073E+00, 4.21536E+00, 4.19054E+00, 1.56487E+00, 7.26188E+00, 5.92026E+00, 1.42985E-01, 3.47406E+00, 3.46103E+00, 3.31025E+00, 6.85716E+00, 5.35607E+00, 1.01791E+00, 4.72704E+00, 1.18757E+00, 6.99978E+01, 1.03385E+00, 5.24051E+00, 6.68798E-01, 3.51051E+00, 4.13263E+00, 5.70184E+00, 1.69452E+00, 1.00528E+00, 7.68015E+01, 2.29894E-01, 3.69610E+00, 4.97004E+00, 5.10960E+00, 4.19190E+00, 1.30579E+00, 3.32909E+01, 7.46016E+00, 1.03225E+00, 5.75406E+00, 4.85122E-01, 3.47652E+00, 2.67935E+00, 3.93109E+00, 6.56797E+00, 5.19766E+00, 4.78624E+00, 9.11881E+01, 7.37401E+00, 1.50887E+00, 5.00873E+00, 3.72300E+00, 6.95288E+00, 4.44061E+00, 1.43490E+00, 4.99396E+00, 4.77443E+00, 1.02790E+00, 9.05638E+01, 1.69912E+00, 3.88061E+00, 4.19937E+00, 1.14954E+00, 1.49475E+00, 4.98566E+00, 1.88263E+00, 1.48996E+00, 7.16258E+00, 1.07872E+00, 5.09656E+00, 7.76998E-01, 2.25605E+00, 3.71880E+00, 6.38588E+00, 4.59179E+00, 5.02938E+00, 4.59536E+00, 1.91000E+00, 1.09030E+00, 1.53635E+01, 7.18945E+00, 5.96064E+00, 3.19483E+00, 1.15872E+00, 4.67848E+00, 1.27024E+00, 6.56027E+01, 7.27436E+00, 1.48257E+01, 5.61683E+00, 3.99279E+00, 2.05799E+00, 3.18970E+00, 4.16531E+00, 4.77722E+00, 1.81134E+00, 4.09753E+00, 1.22811E+00, 1.40445E+00, 4.55745E+01, 5.93535E+00, 1.68292E-01, 3.29076E+00, 4.44819E+00, 1.81076E+00, 1.69942E+00, 5.44817E+01, 7.56977E+00, 9.74277E+00, 1.31079E+00, 3.49640E+00, 3.25641E+00, 4.64716E+00, 5.51337E+00, 4.13186E+00, 4.20250E+00, 1.56820E+00, 9.68099E+01, 7.60685E+00, 1.08587E-01, 3.71930E+00, 3.52122E+00, 5.79033E+00, 1.57033E+00, 1.29254E+00, 1.72118E+00, 8.27586E+01, 7.81569E+00, 1.82893E+00, 5.95557E+00, 8.66689E-01, 3.12501E+00, 2.16473E+00, 3.02259E+00, 6.44296E+00, 4.99508E+00, 4.65845E+00, 1.39990E+00, 9.59252E+01, 6.89831E+01, 5.30931E+00, 6.52337E-01, 3.86293E+00, 4.75677E+00, 1.22677E+00, 1.90039E+00, 9.99685E+01, 5.72106E+00, 8.68794E-01, 3.20662E+00, 4.12099E+00, 5.46759E+00, 1.76669E+00, 1.32305E+00, 8.96468E+01, 7.94443E+00, 6.00423E+01, 1.82806E+00, 9.68873E-01, 3.92429E+00, 3.94883E+00, 6.35195E+00, 4.55655E+00, 1.47432E+00, 7.20674E+00, 1.31567E+00, 5.21989E+00, 3.41991E+00, 2.18798E+00, 3.43187E+00, 4.55505E+00, 1.35783E+00, 1.97366E+00, 7.70940E+00, 5.12345E+00, 5.80950E-01, 3.88374E+00, 2.53804E+00, 3.10538E+00, 4.48408E+00, 4.53526E+00, 4.75787E+00), b.lab=c(1.34840E-02, 4.15094E-02, 6.54797E-02, -1.59248E-01, -1.63644E-02, -3.73155E-02, 1.44985E-01, -4.40435E-02, -1.63590E-01, -6.47119E-02, -5.25017E-02, -2.89897E-02, 3.95309E-02, -3.43889E-02, 3.34301E-02, 2.14946E-03, 1.20450E-01, 2.87750E-02, 1.07161E-01), beta=c(-6.72621E-02, 3.04177E-01, -1.09349E+00, -3.98557E-01, 1.75123E+00, -2.60223E+00, -9.50647E-01, 4.97285E-01, 1.31908E+00, -1.36416E-01, 1.70225E-01, 3.89448E-01, 1.19624E+00, -1.39310E+00, -4.50658E-01, 7.30950E-01, 7.73005E-01, -4.71326E-01, -1.32263E+00), sigma=4.67360E-01, sigma.lab=5.96448E-01)
