list(y=c(6.90808E+01, 9.53375E-01, 3.81055E+00, 3.45985E+00, 6.60284E+00, 4.64578E+00, 5.23445E+00, 4.43163E+00, 1.66223E+00, 1.47981E+00, 1.48857E+01, 6.78879E-01, 3.67419E+00, 3.07210E+00, 3.92056E+00, 6.53381E+00, 4.33756E+00, 1.77594E+00, 1.72536E+00, 3.90183E+01, 7.29786E+00, 9.18071E+01, 5.75919E+00, 3.44162E+00, 6.94543E+00, 4.04027E+00, 1.89943E+00, 1.09942E+00, 2.89203E+00, 1.35853E+00, 2.14133E+01, 9.85990E+01, 5.37103E+00, 3.03382E-01, 3.81916E+00, 3.94712E+00, 3.17667E+00, 6.25327E+00, 4.39819E+00, 4.06850E+00, 1.57729E+00, 1.40007E+00, 2.84881E+00, 1.15650E+00, 2.92340E+01, 1.64232E+00, 4.97470E+00, 1.66722E+00, 4.21376E+00, 1.54852E+00, 4.63797E+00, 1.71766E+00, 2.26268E+00, 1.90575E+00, 1.06047E+00, 5.94720E+00, 3.94712E+00, 2.14197E+00, 3.84677E+00, 5.18073E+00, 4.03721E+00, 1.30425E+00, 1.59571E+00, 5.18408E+00, 7.08006E-01, 2.07531E+00, 3.93384E+00, 6.08523E+00, 4.45429E+00, 5.78400E+00, 1.46022E+00, 4.35441E+00, 1.65050E+00, 4.53255E+00, 1.98718E+00, 1.62581E+00, 7.28949E+01, 5.49780E+00, 3.14937E+00, 2.45741E+00, 3.19451E+00, 4.75617E+00, 5.92453E+00, 4.28143E+00, 1.74796E+00, 4.85852E+00, 1.26091E+00, 4.21618E+00, 1.00565E+00, 2.40374E+00, 1.36145E+00, 6.03654E+01, 7.75171E+00, 6.02653E+00, 4.36523E+00, 1.37897E+00, 3.96236E-01, 3.38420E+00, 2.96558E+00, 3.92052E+00, 3.11096E+00, 6.27100E+00, 5.84736E+00, 1.57448E+00, 4.59442E+00, 4.62621E+00, 1.71599E+00, 1.16734E+00, 2.70882E+00, 8.17976E+01, 7.65406E+00, 4.28506E-01, 2.19859E+00, 6.80718E+00, 4.07074E+00, 1.83494E+00, 4.94011E+01, 1.04781E+01, 5.22246E+00, 3.66751E-01, 3.67214E+00, 3.13356E+00, 6.98914E+00, 4.22937E+00, 5.85358E+00, 4.14324E+00, 4.54408E+00, 1.07016E+00, 1.89110E+00, 7.50473E+00, 1.58147E+00, 5.83978E+00, 5.24003E-01, 2.82259E+00, 3.64058E+00, 6.97854E+00, 4.96510E+00, 4.84076E+00, 1.14710E+00, 1.28005E+00, 1.35555E+00, 7.47392E+00, 6.78077E+01, 3.71948E+00, 3.51217E+00, 6.78007E+00, 1.18192E+00, 1.57220E+00, 4.09284E+00, 1.30643E+00, 2.83835E+00, 5.46642E+01, 7.27736E+00, 3.34999E+01, 1.59120E+00, 5.13149E+00, 6.80454E-01, 2.19102E+00, 4.01871E+00, 4.43243E+00, 4.25668E+00, 1.12123E+00, 5.25901E+01, 2.42507E-01, 3.00175E+00, 2.67249E+00, 3.54952E+00, 6.71372E+00, 4.76169E+00, 1.98285E+00, 4.78654E+00, 1.31476E+00, 1.22836E+00, 2.44247E+00, 1.17781E+00, 7.65820E+00, 9.34176E+01, 1.16298E+00, 5.28603E+00, 2.18629E+00, 3.28575E+00, 4.49270E+00, 1.56842E+00, 4.58450E+00, 1.82919E+00, 2.73432E+00, 5.11862E-01, 3.47410E+00, 3.33177E+00, 5.25162E+00, 4.92542E+00, 1.56347E+00, 4.25806E+00, 1.61338E+00, 1.57406E+00, 1.58776E+00, 2.63953E+00, 1.32215E+00, 5.03320E-01, 3.43734E+00, 4.57687E+00, 4.45482E+00, 1.39869E+00, 1.15566E+00, 1.55111E+00, 7.43707E+01, 1.32024E+00, 3.08883E+00, 2.64139E+00, 3.91921E+00, 6.73299E+00, 4.22022E+00, 5.58942E+00, 1.17837E+00, 1.19015E+00, 1.40924E+00, 1.37480E+00, 9.25085E+01, 1.41788E+00, 5.72117E+00, 9.81417E-01, 3.94364E+00, 4.75876E+00, 5.78710E+00, 1.84945E+00, 1.29993E+00, 3.13849E+01, 1.31767E+00, 5.76922E+00, 3.27608E+00, 6.92587E+00, 4.58311E+00, 4.53354E+00, 1.12340E+00, 1.84826E+00, 1.47610E+00, 8.26809E+01, 7.74497E+00, 7.55283E+01, 1.72079E+00, 5.75272E-02, 3.79956E+00, 3.74558E+00, 3.73727E+00, 1.60705E+00, 4.81847E+00, 1.02677E+00, 2.30898E+00, 1.51871E+01, 5.51230E+00, 6.41363E-01, 3.52501E+00, 3.59122E+00, 4.26137E+00, 5.22191E+00, 1.50539E+00, 4.19308E+00, 5.19311E+01, 1.28686E+00, 3.95801E+00, 3.00947E+00, 3.79084E+00, 6.16064E+00, 4.56617E+00, 4.15045E+00, 4.20277E+00, 1.43366E+00, 4.91059E+00, 1.10509E+00, 2.53520E+00, 5.57349E+01, 7.29876E+00, 8.77684E+01, 1.78839E+00, 5.30688E+00, 3.45579E+00, 6.38516E+00, 4.39364E+00, 1.10292E+00, 1.50603E+00, 3.34590E+01, 5.88698E-02, 2.42082E+00, 3.04461E+00, 3.50701E+00, 6.58606E+00, 5.98783E+00, 1.53480E+00, 4.72167E+00, 1.08941E+00, 1.57784E+00, 1.02606E+00, 5.79070E+01, 7.07964E+00, 7.24783E+01, 5.21377E-01, 3.98539E+00, 6.13982E+00, 4.35558E+00, 5.53612E+00, 7.34591E+00, 1.45164E+01, 1.66536E+00, 5.63251E+00, 7.14710E-01, 3.88634E+00, 2.70809E+00, 5.55674E+00, 4.82427E+00, 4.77232E+00, 1.86789E+00, 4.93548E+00, 1.81429E+00, 7.58792E+00, 7.84694E+01, 1.32058E+00, 2.46773E+00, 6.51097E+00, 4.49340E+00, 1.56932E+00, 1.37226E+00, 2.04976E+00, 1.07010E+00, 4.12241E+01, 7.90143E+00, 1.46812E+00, 5.72260E+00, 4.49634E-01, 3.08966E+00, 2.88822E+00, 3.45863E+00, 6.44868E+00, 4.63613E+00, 4.83152E+00, 1.50926E+00, 2.65128E+00, 6.68093E+01, 8.83322E+01, 1.46352E+00, 2.13187E+00, 4.42876E+00, 1.63949E+00, 4.50657E+00, 1.94606E+00, 2.81820E+01, 7.07200E+00, 2.24475E+01, 2.27248E+00, 3.18856E+00, 5.77507E+00, 4.99130E+00, 1.86958E+00, 4.02244E+00, 1.54703E+00, 1.66581E+00, 1.86009E+00, 1.59801E+01, 1.51011E+00, 5.42240E+00, 3.62036E+00, 5.75536E+00, 4.50487E+00, 4.58871E+00, 1.48003E+00, 2.25902E+00, 1.63403E+00, 1.18846E+01, 2.26037E+00, 3.18918E+00, 4.44580E+00, 4.65471E+00, 1.63497E+00, 4.08402E+00, 1.41829E+00, 1.67235E+00, 2.92052E+00, 7.73669E+00, 1.05899E+00, 4.35623E-01), b.lab=c(-7.02665E-02, 7.85807E-02, -1.32658E-02, -1.53565E-02, -1.77992E-01, -4.20179E-02, 5.04573E-02, 8.59507E-02, 4.83539E-03, 1.79122E-01, -1.46461E-01, 1.37661E-01, -1.00353E-01, -1.05803E-01, -7.98229E-02, 4.09502E-02, 2.13763E-01, -6.20836E-02, 5.35628E-02), beta=c(1.13404E+00, -2.57285E-01, -7.60543E-01, 1.68178E+00, -4.10246E-01, -2.49178E-02, 1.33696E-01, 5.22181E-01, 3.19326E-01, -9.15839E-02, -2.19085E+00, -5.60007E-01, -4.93168E-01, 1.04564E-01, 4.36871E-01, 1.11779E-01, -1.12995E+00, 8.80242E-01, -7.08811E-01, 1.77596E+00), sigma=4.77076E-01, sigma.lab=1.37506E-01)
