list(y=c(6.55679E+01, 7.94755E-01, 3.61147E+00, 3.50622E+00, 6.47983E+00, 4.03053E+00, 5.24640E+00, 4.30437E+00, 1.89457E+00, 1.26088E+00, 9.86210E+01, 2.30173E+00, 3.38691E+00, 6.92061E+00, 4.64626E+00, 5.34791E+00, 4.28157E+00, 1.67967E+00, 1.22324E+00, 5.20622E+00, 2.93273E-01, 3.34447E+00, 3.46275E+00, 6.47518E+00, 1.86805E+00, 7.98000E+00, 3.71490E+01, 1.06967E+00, 5.98043E+00, 7.45276E-01, 3.88765E+00, 3.29177E+00, 6.64159E+00, 4.21760E+00, 5.57226E+00, 1.05268E+00, 4.99932E+00, 1.28318E+00, 1.04815E+00, 7.05186E+00, 7.41406E+01, 5.76727E+00, 3.51648E+00, 2.08097E+00, 3.67811E+00, 4.98298E+00, 7.71538E+00, 6.54587E+01, 1.38591E+00, 5.16327E+00, 1.89292E-01, 3.36488E+00, 3.76637E+00, 3.09906E+00, 4.20386E+00, 1.25673E+00, 1.55259E+00, 4.14030E+00, 1.06713E+00, 3.30269E+01, 1.40313E+00, 3.72707E+00, 4.02528E+00, 1.35968E+00, 4.84895E+00, 1.59987E+00, 7.58995E+00, 4.15673E+01, 1.91677E+00, 5.06419E+00, 3.47560E+00, 2.69784E+00, 3.65959E+00, 3.27778E+00, 6.82043E+00, 4.84990E+00, 1.50100E+00, 1.94313E+00, 7.20982E+01, 7.57196E+00, 1.59864E+00, 8.12846E-01, 3.21224E+00, 2.77873E+00, 3.50890E+00, 3.70810E+00, 6.34597E+00, 4.52516E+00, 4.93020E+00, 1.67696E+00, 4.27474E+00, 1.32597E+00, 4.34876E+00, 3.34625E+00, 4.03462E+00, 4.05421E+00, 1.44648E+00, 5.68379E+00, 8.12015E-01, 3.42353E+00, 2.27626E+00, 3.81018E+00, 6.49203E+00, 5.27509E+00, 4.52415E+00, 4.62613E+00, 1.59606E+00, 4.97508E+00, 1.56576E+00, 5.26533E+01, 7.77564E+00, 8.74973E-01, 2.77564E+00, 6.80348E+00, 4.30327E+00, 1.41533E+00, 5.96096E+01, 5.58155E+00, 3.82382E+00, 2.43808E+00, 3.24780E+00, 4.80506E+00, 5.84747E+00, 4.62848E+00, 1.62993E+00, 4.15804E+00, 4.58634E+00, 2.35314E+01, 7.32978E+00, 4.54050E-01, 2.48833E+00, 3.18182E+00, 3.48106E+00, 4.70282E+00, 5.39292E+00, 1.14535E+00, 4.19435E+00, 4.27018E+00, 5.36450E+01, 4.50859E+01, 4.82068E-01, 2.88649E+00, 3.94158E+00, 1.44205E+00, 4.30435E+00, 1.32345E+00, 7.68428E+01, 7.52710E+01, 1.00388E+00, 5.97033E+00, 3.24576E+00, 3.46972E+00, 3.41467E+00, 6.27947E+00, 4.53823E+00, 5.69788E+00, 4.12431E+00, 4.24137E+00, 1.57237E+00, 1.45162E+00, 3.52607E-01, 2.07534E+00, 5.29257E+00, 4.31514E+00, 1.91137E+00, 4.40908E+00, 1.44952E+00, 2.85716E+01, 8.85399E-01, 3.71560E+00, 2.50291E+00, 3.79961E+00, 3.69733E+00, 6.57169E+00, 4.78240E+00, 4.34565E+00, 1.48188E+00, 4.64943E+00, 1.06572E+00, 1.59316E+00, 3.60451E+01, 1.72636E+00, 3.54107E+00, 3.83967E+00, 4.45898E+00, 5.14009E+00, 1.96674E+00, 5.88224E+01, 6.72616E+01, 3.88277E+00, 2.79209E+00, 3.27490E+00, 3.98101E+00, 6.10824E+00, 5.79767E+00, 4.50758E+00, 1.22404E+00, 1.94895E+00, 7.50550E+00, 5.90541E+00, 2.57928E+00, 4.51204E+00, 5.22371E+00, 4.62855E+00, 4.85238E+00, 1.85437E+00, 7.60272E+00, 5.50881E+00, 1.78866E-01, 3.75665E+00, 3.24047E+00, 3.47977E+00, 6.30261E+00, 5.54526E+00, 1.42787E+00, 4.48198E+00, 1.63836E+00, 5.99760E+01, 1.96819E+00, 5.50672E+00, 1.09451E-01, 3.88597E+00, 4.31175E+00, 5.82006E+00, 1.09474E+00, 1.60869E+00, 3.01910E+01, 1.88043E-01, 3.76500E+00, 4.40645E+00, 5.02158E+00, 4.93923E+00, 1.47585E+00, 3.39718E+01, 7.12397E+00, 1.45934E+00, 5.62358E+00, 5.89150E-01, 3.34678E+00, 2.52668E+00, 3.78209E+00, 6.93951E+00, 5.21591E+00, 4.65548E+00, 2.46121E+01, 7.96995E+00, 1.08590E+00, 5.21798E+00, 3.94395E+00, 6.58110E+00, 4.28569E+00, 1.83004E+00, 4.03624E+00, 4.16810E+00, 1.45740E+00, 4.95161E+01, 1.64413E+00, 3.18733E+00, 4.07093E+00, 1.37810E+00, 1.41984E+00, 4.12023E+00, 1.69884E+00, 1.88185E+00, 7.45613E+00, 1.02005E+00, 5.76851E+00, 2.22201E-01, 2.92629E+00, 3.66152E+00, 6.07846E+00, 4.41358E+00, 5.85041E+00, 4.95755E+00, 1.48975E+00, 1.35901E+00, 5.00100E+01, 7.03024E+00, 5.22592E+00, 3.78007E+00, 1.43056E+00, 4.61060E+00, 1.80786E+00, 9.08742E+01, 7.70806E+00, 7.58080E+01, 5.57249E+00, 3.33964E+00, 2.86327E+00, 3.95065E+00, 4.38658E+00, 4.45240E+00, 1.36353E+00, 4.69733E+00, 1.61212E+00, 1.45705E+00, 1.11254E+01, 5.71528E+00, 8.68495E-01, 3.49341E+00, 4.06775E+00, 1.42433E+00, 1.65525E+00, 7.70617E+01, 7.29003E+00, 1.79861E+01, 1.53748E+00, 3.61426E+00, 3.96682E+00, 4.28172E+00, 5.94022E+00, 4.68563E+00, 4.75295E+00, 1.67461E+00, 3.20613E+01, 7.15628E+00, 4.64843E-01, 3.71107E+00, 3.89203E+00, 5.92669E+00, 1.47360E+00, 1.76913E+00, 1.04388E+00, 5.30068E+01, 7.01735E+00, 1.89622E+00, 5.34855E+00, 7.64903E-01, 3.21405E+00, 2.16091E+00, 3.82808E+00, 6.05482E+00, 4.11007E+00, 4.67918E+00, 1.90734E+00, 4.15435E+01, 1.36528E+01, 5.30271E+00, 8.70694E-01, 3.25187E+00, 4.07126E+00, 1.67659E+00, 1.93092E+00, 6.32080E+01, 5.15541E+00, 9.77421E-01, 3.37903E+00, 4.48130E+00, 5.72708E+00, 1.29722E+00, 1.22825E+00, 1.12063E+01, 7.91666E+00, 6.36607E+01, 1.33005E+00, 1.28978E-01, 3.52440E+00, 3.71635E+00, 6.79744E+00, 4.70354E+00, 1.20857E+00, 7.55334E+00, 1.58751E+00, 5.41192E+00, 3.82336E+00, 2.17164E+00, 3.42553E+00, 4.40532E+00, 1.77491E+00, 1.89572E+00, 7.09048E+00, 5.28110E+00, 6.08329E-01, 3.63415E+00, 2.31428E+00, 3.91658E+00, 4.45656E+00, 4.61902E+00, 4.80423E+00), b.lab=c(2.11311E-02, -9.94964E-02, -3.33325E-02, -1.23350E-01, 1.85725E-02, 1.82314E-01, 1.64567E-02, -1.15465E-01, -6.71282E-02, 7.38142E-02, -9.70982E-02, -5.74242E-02, 8.91031E-02, 2.18013E-02, -3.21872E-02, -1.18942E-01, 8.55783E-02, 2.19004E-01, 9.04617E-02), beta=c(-8.85407E-01, 1.09030E+00, -1.50341E-01, -9.56976E-01, -4.44541E-01, 3.38860E-01, -2.33133E+00, -7.14976E-01, 2.43720E+00, 4.08459E-02, 5.49696E-01, 6.67481E-01, 1.08413E-01, -4.24980E-01, -1.41438E+00, 2.07640E+00, -2.79206E-02, -1.37828E+00, -4.13076E-01, -1.76945E-01), sigma=2.36858E-01, sigma.lab=5.40135E-01)
