list(y=c(7.06275E+00, 1.06285E+01, 1.35926E+00, 5.71687E+00, 2.98063E+00, 3.88112E+00, 1.02291E+00, 4.68332E+00, 4.48036E+00, 1.52081E+00, 1.61025E+01, 7.71579E+00, 1.13622E+00, 5.10866E+00, 9.36467E-01, 3.29442E+00, 3.59919E+00, 1.31105E+00, 4.71755E+00, 4.79215E+00, 1.13749E+00, 9.48511E+01, 7.59602E+00, 2.85834E+01, 1.93469E+00, 2.77168E+00, 3.20665E+00, 4.48146E+00, 5.97719E+00, 4.67290E+00, 4.95931E+00, 1.24436E+00, 4.04976E+00, 1.66501E+00, 1.66425E+00, 8.17731E+01, 2.57172E+00, 3.92542E+00, 4.44769E+00, 4.25603E+00, 1.41148E+00, 1.61812E+01, 1.45486E+00, 7.31695E-01, 3.10452E+00, 6.09839E+00, 5.76894E+00, 4.79120E+00, 1.36798E+00, 4.67012E+00, 1.50797E+00, 4.39520E+00, 1.66274E+00, 1.54569E+00, 5.08822E+01, 2.38461E+00, 6.87994E+00, 4.28500E+00, 5.62222E+00, 4.26648E+00, 1.92840E+00, 5.27608E+01, 7.33434E+00, 5.16539E+00, 3.07457E-01, 3.60674E+00, 2.21021E+00, 3.93031E+00, 6.34927E+00, 4.41431E+00, 5.78258E+00, 4.52071E+00, 1.39487E+00, 1.96220E+00, 1.55443E+01, 4.24642E-01, 4.68974E+00, 5.50727E+00, 4.16365E+00, 1.19782E+00, 4.82336E+00, 1.94256E+00, 3.66265E+01, 5.55758E+00, 5.42634E+00, 1.44867E+00, 1.76238E+00, 6.91633E+01, 7.91529E+00, 5.05377E+01, 1.77991E+00, 5.62235E+00, 9.89399E-01, 2.58743E+00, 3.12780E+00, 3.84659E+00, 6.08423E+00, 4.95474E+00, 5.98305E+00, 1.32807E+00, 1.38126E+00, 4.49594E+00, 1.05127E+00, 1.30196E+00, 8.04010E+01, 7.24041E+00, 3.08301E+01, 3.26789E+00, 4.66035E+00, 1.41608E+00, 1.47894E+00, 8.33535E+01, 1.79487E+00, 5.32147E+00, 3.72851E+00, 3.40284E+00, 3.41716E+00, 5.39604E+00, 4.21313E+00, 1.52165E+00, 4.04862E+00, 1.24327E+00, 4.95652E+00, 1.47552E+00, 8.53997E+01, 7.89862E+00, 1.14328E+00, 3.05414E-01, 3.69491E+00, 6.59098E+00, 1.37324E+00, 1.76148E+00, 1.65702E+00, 2.93417E+01, 1.91029E+00, 5.49296E+00, 3.95875E+00, 6.34599E+00, 4.98761E+00, 1.97714E+00, 1.31870E+00, 1.31819E+00, 7.74522E+00, 1.73358E+00, 5.88928E+00, 3.80820E+00, 3.75649E+00, 6.17524E+00, 4.60754E+00, 5.76237E+00, 4.02444E+00, 4.36777E+00, 1.52615E+00, 1.23242E+00, 7.67824E+00, 3.54988E-02, 2.10931E+00, 1.71341E+00, 1.18090E+00, 4.35783E+00, 1.87429E+00, 9.42341E+01, 7.88811E+00, 3.44810E+01, 5.12133E+00, 3.90867E+00, 3.32511E+00, 3.81578E+00, 6.28372E+00, 4.93857E+00, 4.24089E+00, 1.51147E+00, 1.64715E+00, 7.61035E+00, 2.41154E+01, 1.11254E+00, 5.09608E+00, 5.24810E+00, 4.71684E+00, 1.89502E+00, 7.04209E+00, 1.14285E+01, 5.94026E+00, 9.14303E-01, 3.68762E+00, 2.81377E+00, 6.30407E+00, 4.28313E+00, 1.69525E+00, 4.94684E+00, 1.46339E+00, 4.19162E+00, 1.87140E+00, 7.79964E+00, 1.65443E+00, 5.57644E+00, 9.36600E-01, 4.72930E+00, 4.13402E+00, 1.19750E+00, 4.51335E+00, 1.10533E+00, 2.98759E+01, 3.32127E+01, 1.77923E+00, 3.50121E-01, 3.14142E+00, 3.10796E+00, 3.68738E+00, 6.39023E+00, 4.49062E+00, 1.26683E+00, 1.63421E+00, 1.20304E+00, 9.87647E+01, 2.33134E+01, 1.12213E+00, 2.15848E+00, 4.25162E+00, 4.25345E+00, 1.39783E+00, 4.59402E+00, 1.39835E+00, 7.50644E+00, 4.56110E+01, 3.78434E+00, 2.91304E+00, 3.24837E+00, 6.49096E+00, 4.22604E+00, 4.06964E+00, 1.68421E+00, 4.15305E+00, 1.13359E+00, 4.05619E+01, 7.55374E+00, 1.05434E+00, 5.98235E+00, 2.31446E+00, 3.97056E+00, 3.11960E+00, 6.29906E+00, 4.96978E+00, 1.28521E+00, 1.74891E+00, 4.65574E+00, 1.17978E+00, 7.30936E+01, 3.25278E+00, 4.26640E+00, 1.56045E+00, 4.55839E+00, 1.98029E+00, 4.76572E+00, 1.77079E+00, 1.60945E+00, 1.80822E+01, 7.34645E-01, 3.47912E+00, 2.39332E+00, 3.54295E+00, 5.18474E+00, 4.20484E+00, 1.20453E+00, 1.07645E+00, 7.65857E+00, 5.64835E+01, 5.59886E+00, 6.98742E-01, 3.96524E+00, 2.91193E+00, 3.06487E+00, 6.84642E+00, 5.09101E+00, 4.05140E+00, 4.63555E+00, 2.45938E+01, 4.01918E+01, 3.62646E+00, 3.54816E+00, 4.28990E+00, 1.72898E+00, 4.23765E+00, 1.78030E+00, 9.76822E+01, 1.53167E+00, 8.01729E-01, 3.27108E+00, 2.58930E+00, 3.41496E+00, 6.01483E+00, 4.45356E+00, 5.54922E+00, 4.36309E+00, 4.08567E+00, 1.21245E+00, 1.88689E+00, 1.19848E+00, 1.92429E-02, 3.56520E+00, 6.51014E+00, 5.41542E+00, 4.20677E+00, 1.57940E+00, 7.79528E+00, 2.79133E+01, 1.35287E+00, 2.85150E+00, 3.18844E+00, 3.85753E+00, 6.41654E+00, 4.86281E+00, 5.04489E+00, 4.13149E+00, 1.03417E+00, 4.81225E+00, 1.10763E+00, 5.52333E+00, 3.84246E-01, 3.03303E+00, 2.74517E+00, 6.57439E+00, 1.52752E+00, 1.14214E+00, 4.30072E+00, 1.52968E+00, 1.06039E+01, 1.96762E+00, 5.04746E+00, 3.52433E+00, 2.87128E+00, 6.81852E+00, 4.01518E+00, 4.78416E+00, 1.98096E+00, 4.47210E+00, 4.46341E+00, 8.79489E+01, 3.18536E+00, 5.05970E+00, 1.67653E+00, 4.47216E+00, 4.16703E+00, 1.78847E+00, 1.39728E+00, 7.02174E+00, 1.70529E+00, 3.66670E+00, 2.34476E+00, 3.60532E+00, 6.93327E+00, 4.26513E+00, 5.78475E+00, 4.14094E+00, 1.12936E+00, 4.99833E+00, 1.37772E+00, 7.47532E+00, 6.39414E+01, 1.19075E+00, 2.59304E+00, 3.33596E+00, 3.62453E+00, 6.27555E+00, 4.26161E+00, 1.51668E+00, 4.98482E+00, 4.83647E+00, 1.80308E+00, 5.36869E+00, 2.83785E+00, 3.79545E+00, 4.46204E+00, 5.33328E+00, 4.07264E+00, 1.48487E+00, 1.46181E+00, 4.74716E+00, 1.62244E+00, 4.10306E+01, 6.67031E+01, 5.80991E-01, 3.72814E+00, 6.72193E+00, 4.27623E+00, 5.85934E+00, 4.82703E+00, 1.75125E+00, 4.93083E+00, 1.56027E+00, 6.01498E+01, 9.95465E+01, 1.37330E+00, 3.93585E+00, 6.02286E+00, 5.77588E+00, 1.14165E+00), b.lab=c(-6.65441E-02, -7.04666E-02, -5.78211E-02, -1.11485E-01, 9.06816E-02, -6.56314E-02, -7.42608E-02, 4.03013E-02, 3.41370E-02, 6.95101E-02, 2.00584E-01, -2.73292E-02, 1.18936E-01, -1.11816E-02, 8.28100E-02, -1.72827E-01, -3.26650E-03, 2.93144E-02, 6.38216E-02, -2.43862E-02), beta=c(8.37279E-02, 4.94526E-01, 4.77505E-01, -6.97284E-01, -2.15010E-01, 2.03413E+00, -3.69420E-01, -1.88207E-01, 4.96948E-01, -1.07476E+00, -2.10755E+00, 1.78041E-01, 6.99851E-01, 1.59981E-01, -1.43683E+00, 6.19488E-01, -1.28189E+00, -1.74476E+00, -2.11754E+00, 4.25964E-01), sigma=9.20471E-01, sigma.lab=7.22347E-01)
