list(y=c(5.60387E+01, 1.36301E-01, 3.38815E+00, 3.93667E+00, 6.31645E+00, 4.67867E+00, 5.58699E+00, 4.50953E+00, 1.36127E+00, 1.86511E+00, 9.99705E+01, 2.98496E+00, 3.00892E+00, 6.09138E+00, 4.47922E+00, 5.43878E+00, 4.98231E+00, 1.55101E+00, 1.77932E+00, 5.61933E+00, 4.56054E-01, 3.29362E+00, 3.85037E+00, 6.29109E+00, 1.78514E+00, 7.89200E+00, 3.38168E+01, 1.41140E+00, 5.65143E+00, 8.11478E-01, 3.25158E+00, 3.17087E+00, 6.91538E+00, 4.52086E+00, 5.73819E+00, 1.83369E+00, 4.60286E+00, 1.13792E+00, 1.56772E+00, 7.85062E+00, 5.54453E+01, 5.76630E+00, 3.97351E+00, 2.16079E+00, 3.40471E+00, 4.34960E+00, 7.02680E+00, 6.93953E+01, 1.95314E+00, 5.05548E+00, 1.25370E-01, 3.42147E+00, 3.45993E+00, 3.51204E+00, 4.50746E+00, 1.65981E+00, 1.20803E+00, 4.96128E+00, 1.35426E+00, 5.00275E+01, 1.33791E+00, 3.27098E+00, 4.28612E+00, 1.51577E+00, 4.80077E+00, 1.80757E+00, 7.66314E+00, 4.38828E+01, 1.98927E+00, 5.49784E+00, 3.60640E+00, 2.81646E+00, 3.69221E+00, 3.35257E+00, 6.41957E+00, 4.08380E+00, 1.90287E+00, 1.98028E+00, 4.86108E+01, 7.07243E+00, 1.30998E+00, 1.70407E-01, 3.67238E+00, 2.20808E+00, 3.57600E+00, 3.94629E+00, 6.69234E+00, 4.09367E+00, 4.07044E+00, 1.46203E+00, 4.90751E+00, 1.71894E+00, 4.78075E+00, 3.03122E+00, 4.68665E+00, 4.48715E+00, 1.84367E+00, 5.08857E+00, 3.16413E-01, 3.11428E+00, 2.11934E+00, 3.13651E+00, 6.96118E+00, 5.22752E+00, 4.03442E+00, 4.00883E+00, 1.87657E+00, 4.16439E+00, 1.04840E+00, 9.22157E+01, 7.33202E+00, 8.89956E-01, 2.02130E+00, 6.42549E+00, 4.04028E+00, 1.83374E+00, 1.48952E+01, 5.56787E+00, 3.63047E+00, 2.70390E+00, 3.40724E+00, 4.44761E+00, 5.76764E+00, 4.31756E+00, 1.24957E+00, 4.57774E+00, 4.96769E+00, 2.54032E+01, 7.56905E+00, 5.94156E-01, 2.91576E+00, 3.56084E+00, 3.76201E+00, 4.36739E+00, 5.74214E+00, 1.89727E+00, 4.85220E+00, 4.40685E+00, 9.19696E+01, 2.69815E+01, 7.39722E-01, 2.84214E+00, 3.16035E+00, 1.84014E+00, 4.76037E+00, 1.71808E+00, 2.34152E+01, 9.79927E+01, 1.35479E+00, 5.64662E+00, 3.98778E+00, 3.82356E+00, 3.00448E+00, 6.79187E+00, 4.33718E+00, 5.68972E+00, 4.69443E+00, 4.97815E+00, 1.56378E+00, 1.15378E+00, 9.58833E-01, 2.38971E+00, 5.58292E+00, 4.66731E+00, 1.19144E+00, 4.31483E+00, 1.06154E+00, 6.75230E+01, 6.07918E-01, 3.90252E+00, 2.90913E+00, 3.52849E+00, 3.79418E+00, 6.69204E+00, 4.16695E+00, 4.89936E+00, 1.45810E+00, 4.75773E+00, 1.88799E+00, 1.79164E+00, 8.51935E+01, 1.82098E+00, 3.97368E+00, 3.06764E+00, 4.05323E+00, 5.57081E+00, 1.46281E+00, 7.01772E+01, 7.37078E+01, 3.27252E+00, 2.92323E+00, 3.50317E+00, 3.60847E+00, 6.18736E+00, 5.64228E+00, 4.06881E+00, 1.58457E+00, 1.94785E+00, 7.42777E+00, 5.84641E+00, 2.81980E+00, 4.97081E+00, 5.73613E+00, 4.59193E+00, 4.98742E+00, 1.94374E+00, 7.66098E+00, 5.45084E+00, 2.03261E-01, 3.86566E+00, 3.45056E+00, 3.55322E+00, 6.49618E+00, 5.23078E+00, 1.18866E+00, 4.03788E+00, 1.47144E+00, 6.56500E+01, 1.62198E+00, 5.90795E+00, 1.78491E-01, 3.72353E+00, 4.13475E+00, 5.50352E+00, 1.23651E+00, 1.97670E+00, 8.95013E+01, 3.30724E-01, 3.76222E+00, 4.71614E+00, 5.36203E+00, 4.19808E+00, 1.55618E+00, 4.50909E+01, 7.77438E+00, 1.75480E+00, 5.01390E+00, 6.27857E-01, 3.90981E+00, 2.06271E+00, 3.80130E+00, 6.49563E+00, 5.55720E+00, 4.49071E+00, 5.18497E+01, 7.08041E+00, 1.77577E+00, 5.79058E+00, 3.58929E+00, 6.45968E+00, 4.90657E+00, 1.31456E+00, 4.47817E+00, 4.76139E+00, 1.19312E+00, 5.38613E+01, 1.50703E+00, 3.14448E+00, 4.68108E+00, 1.48411E+00, 1.59951E+00, 4.22952E+00, 1.21530E+00, 1.21123E+00, 7.54775E+00, 1.57087E+00, 5.24507E+00, 2.43566E-02, 2.54917E+00, 3.20047E+00, 6.56443E+00, 4.82741E+00, 5.06637E+00, 4.14409E+00, 1.33043E+00, 1.41737E+00, 9.66998E+01, 7.92050E+00, 5.14785E+00, 3.54278E+00, 1.76536E+00, 4.70256E+00, 1.75168E+00, 1.56621E+01, 7.18236E+00, 9.88365E+00, 5.88753E+00, 3.62697E+00, 2.93724E+00, 3.38899E+00, 4.39521E+00, 4.45010E+00, 1.62146E+00, 4.45988E+00, 1.11743E+00, 1.02393E+00, 1.83789E+01, 5.03473E+00, 4.57697E-01, 3.40860E+00, 4.05842E+00, 1.30140E+00, 1.28286E+00, 5.93263E+01, 7.02356E+00, 1.02717E+01, 1.40889E+00, 3.68699E+00, 3.70461E+00, 4.52330E+00, 5.23128E+00, 4.31230E+00, 4.41994E+00, 1.63069E+00, 7.50406E+01, 7.13976E+00, 7.26162E-01, 3.76118E+00, 3.61970E+00, 5.57218E+00, 1.49586E+00, 1.26677E+00, 1.95913E+00, 5.78476E+01, 7.98673E+00, 1.47123E+00, 5.39777E+00, 6.76678E-01, 3.06994E+00, 2.74229E+00, 3.02974E+00, 6.54757E+00, 4.92405E+00, 4.10129E+00, 1.82064E+00, 7.34355E+01, 5.35155E+01, 5.52986E+00, 9.12995E-01, 3.77989E+00, 4.69393E+00, 1.94594E+00, 1.26965E+00, 4.92200E+01, 5.18681E+00, 3.69524E-01, 3.15743E+00, 4.05430E+00, 5.95130E+00, 1.94489E+00, 1.55595E+00, 5.10244E+01, 7.21995E+00, 9.07467E+01, 1.99244E+00, 6.36591E-02, 3.78396E+00, 3.03225E+00, 6.55894E+00, 4.63020E+00, 1.91488E+00, 7.18174E+00, 1.25444E+00, 5.54469E+00, 3.34456E+00, 2.07137E+00, 3.26786E+00, 4.44875E+00, 1.09240E+00, 1.46343E+00, 7.84345E+00, 5.62064E+00, 9.87862E-01, 3.34449E+00, 2.84985E+00, 3.99739E+00, 4.48508E+00, 4.38364E+00, 4.69874E+00), b.lab=c(5.58241E-02, 2.47804E-02, 5.33450E-02, -2.14145E-02, 2.12324E-02, -3.19644E-02, 5.25382E-02, -8.81843E-02, 1.13918E-01, 1.17053E-02, -1.67827E-02, 1.35908E-01, -1.02876E-01, -4.85058E-02, 6.60586E-02, 7.48895E-02, 9.40345E-02, 8.54466E-02, -2.54826E-02), beta=c(9.99921E-01, -1.36245E+00, 5.30376E-01, 2.78873E-01, 7.72855E-01, -5.07534E-01, -2.30077E-01, -3.27461E-01, -7.34844E-01, -2.18734E-01, -9.46345E-02, -1.03928E+00, -1.19419E-02, -1.24529E-01, 7.09479E-01, 8.46845E-01, 7.94184E-01, 2.69878E-02, -8.19163E-01, -5.30267E-02), sigma=5.12303E-01, sigma.lab=4.86637E-01)
