list(n=2.00000E+02, lower=c(2.50000E-01, 6.25000E-02, 1.00000E+00, 2.50000E-01, 2.50000E-01, 2.50000E-01, 5.00000E-01, 5.00000E-01, 6.25000E-02, 1.00000E+00, 8.00000E+00, 3.20000E+01, 6.25000E-02, 4.00000E+00, 8.00000E+00, 1.60000E+01, 4.00000E+00, 1.00000E+00, 4.00000E+00, 8.00000E+00, 2.00000E+00, 8.00000E+00, 6.25000E-02, 8.00000E+00, 1.60000E+01, 8.00000E+00, 1.60000E+01, 6.25000E-02, 1.60000E+01, 6.25000E-02, 6.25000E-02, 6.25000E-02, 4.00000E+00, 6.25000E-02, 4.00000E+00, 8.00000E+00, 1.00000E+00, 2.00000E+00, 4.00000E+00, 8.00000E+00, 2.00000E+00, 6.25000E-02, 1.00000E+00, 4.00000E+00, 6.25000E-02, 6.25000E-02, 6.25000E-02, 2.50000E-01, 5.00000E-01, 2.00000E+00, 6.25000E-02, 1.60000E+01, 3.20000E+01, 8.00000E+00, 8.00000E+00, 6.25000E-02, 1.60000E+01, 8.00000E+00, 6.25000E-02, 2.50000E-01, 6.25000E-02, 6.25000E-02, 1.25000E-01, 6.25000E-02, 6.25000E-02, 2.00000E+00, 5.00000E-01, 2.00000E+00, 4.00000E+00, 1.00000E+00, 4.00000E+00, 8.00000E+00, 8.00000E+00, 4.00000E+00, 6.25000E-02, 4.00000E+00, 8.00000E+00, 6.25000E-02, 4.00000E+00, 2.00000E+00, 6.25000E-02, 1.00000E+00, 5.00000E-01, 2.00000E+00, 6.25000E-02, 4.00000E+00, 1.00000E+00, 1.00000E+00, 2.00000E+00, 4.00000E+00, 1.00000E+00, 6.25000E-02, 6.25000E-02, 2.00000E+00, 2.00000E+00, 6.25000E-02, 1.00000E+00, 6.25000E-02, 5.00000E-01, 4.00000E+00, 1.00000E+00, 5.00000E-01, 6.25000E-02, 2.00000E+00, 6.25000E-02, 2.00000E+00, 2.00000E+00, 5.00000E-01, 6.25000E-02, 6.25000E-02, 4.00000E+00, 6.25000E-02, 6.25000E-02, 6.25000E-02, 2.50000E-01, 2.50000E-01, 6.25000E-02, 1.00000E+00, 1.00000E+00, 6.25000E-02, 1.00000E+00, 6.25000E-02, 4.00000E+00, 6.25000E-02, 4.00000E+00, 2.00000E+00, 5.00000E-01, 2.00000E+00, 2.00000E+00, 2.00000E+00, 2.50000E-01, 1.00000E+00, 5.00000E-01, 1.25000E-01, 5.00000E-01, 1.25000E-01, 5.00000E-01, 6.25000E-02, 5.00000E-01, 6.25000E-02, 3.20000E+01, 2.00000E+00, 1.60000E+01, 8.00000E+00, 6.25000E-02, 8.00000E+00, 1.60000E+01, 4.00000E+00, 6.25000E-02, 8.00000E+00, 1.25000E-01, 5.00000E-01, 6.25000E-02, 5.00000E-01, 6.25000E-02, 6.25000E-02, 2.50000E-01, 5.00000E-01, 2.50000E-01, 1.00000E+00, 5.00000E-01, 5.00000E-01, 6.25000E-02, 1.00000E+00, 5.00000E-01, 2.00000E+00, 4.00000E+00, 1.00000E+00, 1.00000E+00, 2.00000E+00, 4.00000E+00, 6.25000E-02, 2.50000E-01, 2.50000E-01, 1.00000E+00, 6.25000E-02, 4.00000E+00, 2.00000E+00, 4.00000E+00, 6.25000E-02, 8.00000E+00, 2.00000E+00, 6.25000E-02, 1.60000E+01, 1.60000E+01, 1.60000E+01, 6.25000E-02, 2.00000E+00, 4.00000E+00, 1.60000E+01, 6.25000E-02, 6.40000E+01, 6.25000E-02, 2.00000E+00, 3.20000E+01, 6.25000E-02, 6.25000E-02, 1.00000E+00, 6.25000E-02, 8.00000E+00), upper=c(5.00000E-01, 1.25000E-01, 2.00000E+00, 5.00000E-01, 5.00000E-01, 5.00000E-01, 1.00000E+00, 1.00000E+00, 1.25000E-01, 2.00000E+00, 1.60000E+01, 6.40000E+01, 1.25000E-01, 8.00000E+00, 1.60000E+01, 3.20000E+01, 8.00000E+00, 2.00000E+00, 8.00000E+00, 1.60000E+01, 4.00000E+00, 1.60000E+01, 1.25000E-01, 1.60000E+01, 3.20000E+01, 1.60000E+01, 3.20000E+01, 1.25000E-01, 3.20000E+01, 1.25000E-01, 1.25000E-01, 1.25000E-01, 8.00000E+00, 1.25000E-01, 8.00000E+00, 1.60000E+01, 2.00000E+00, 4.00000E+00, 8.00000E+00, 1.60000E+01, 4.00000E+00, 1.25000E-01, 2.00000E+00, 8.00000E+00, 1.25000E-01, 1.25000E-01, 1.25000E-01, 5.00000E-01, 1.00000E+00, 4.00000E+00, 1.25000E-01, 3.20000E+01, 6.40000E+01, 1.60000E+01, 1.60000E+01, 1.25000E-01, 3.20000E+01, 1.60000E+01, 1.25000E-01, 5.00000E-01, 1.25000E-01, 1.25000E-01, 2.50000E-01, 1.25000E-01, 1.25000E-01, 4.00000E+00, 1.00000E+00, 4.00000E+00, 8.00000E+00, 2.00000E+00, 8.00000E+00, 1.60000E+01, 1.60000E+01, 8.00000E+00, 1.25000E-01, 8.00000E+00, 1.60000E+01, 1.25000E-01, 8.00000E+00, 4.00000E+00, 1.25000E-01, 2.00000E+00, 1.00000E+00, 4.00000E+00, 1.25000E-01, 8.00000E+00, 2.00000E+00, 2.00000E+00, 4.00000E+00, 8.00000E+00, 2.00000E+00, 1.25000E-01, 1.25000E-01, 4.00000E+00, 4.00000E+00, 1.25000E-01, 2.00000E+00, 1.25000E-01, 1.00000E+00, 8.00000E+00, 2.00000E+00, 1.00000E+00, 1.25000E-01, 4.00000E+00, 1.25000E-01, 4.00000E+00, 4.00000E+00, 1.00000E+00, 1.25000E-01, 1.25000E-01, 8.00000E+00, 1.25000E-01, 1.25000E-01, 1.25000E-01, 5.00000E-01, 5.00000E-01, 1.25000E-01, 2.00000E+00, 2.00000E+00, 1.25000E-01, 2.00000E+00, 1.25000E-01, 8.00000E+00, 1.25000E-01, 8.00000E+00, 4.00000E+00, 1.00000E+00, 4.00000E+00, 4.00000E+00, 4.00000E+00, 5.00000E-01, 2.00000E+00, 1.00000E+00, 2.50000E-01, 1.00000E+00, 2.50000E-01, 1.00000E+00, 1.25000E-01, 1.00000E+00, 1.25000E-01, 6.40000E+01, 4.00000E+00, 3.20000E+01, 1.60000E+01, 1.25000E-01, 1.60000E+01, 3.20000E+01, 8.00000E+00, 1.25000E-01, 1.60000E+01, 2.50000E-01, 1.00000E+00, 1.25000E-01, 1.00000E+00, 1.25000E-01, 1.25000E-01, 5.00000E-01, 1.00000E+00, 5.00000E-01, 2.00000E+00, 1.00000E+00, 1.00000E+00, 1.25000E-01, 2.00000E+00, 1.00000E+00, 4.00000E+00, 8.00000E+00, 2.00000E+00, 2.00000E+00, 4.00000E+00, 8.00000E+00, 1.25000E-01, 5.00000E-01, 5.00000E-01, 2.00000E+00, 1.25000E-01, 8.00000E+00, 4.00000E+00, 8.00000E+00, 1.25000E-01, 1.60000E+01, 4.00000E+00, 1.25000E-01, 3.20000E+01, 3.20000E+01, 3.20000E+01, 1.25000E-01, 4.00000E+00, 8.00000E+00, 3.20000E+01, 1.25000E-01, 1.28000E+02, 1.25000E-01, 4.00000E+00, 6.40000E+01, 1.25000E-01, 1.25000E-01, 2.00000E+00, 1.25000E-01, 1.60000E+01),