list(y=c(4.20919E+01, 8.86601E-01, 3.57805E+00, 3.92836E+00, 6.83237E+00, 4.66632E+00, 5.00859E+00, 4.17881E+00, 1.94130E+00, 1.47239E+00, 7.39965E+01, 2.83450E-01, 3.83091E+00, 3.18664E+00, 3.53150E+00, 6.15406E+00, 4.36339E+00, 1.95736E+00, 1.77653E+00, 2.79773E+00, 3.64019E+00, 5.51747E+00, 4.83701E+00, 1.73503E+00, 1.73611E+00, 5.90556E+00, 3.91429E-01, 2.73635E+00, 3.25581E+00, 6.06954E+00, 4.85256E+00, 5.57927E+00, 1.52121E+00, 4.76848E+00, 1.04036E+00, 4.82381E+00, 1.64666E+00, 8.24166E-01, 2.02500E+00, 3.08446E+00, 6.31582E+00, 4.74928E+00, 4.25502E+00, 1.91136E+00, 1.01694E+00, 1.32805E+00, 7.24668E+00, 9.40096E+01, 3.93941E+00, 3.53330E+00, 6.72761E+00, 1.04202E+00, 1.22794E+00, 4.82727E+00, 1.83505E+00, 2.17878E+00, 1.91519E+01, 7.93133E+00, 2.87688E+01, 1.63165E+00, 5.01429E+00, 7.97093E-01, 2.55913E+00, 4.73711E+00, 4.14675E+00, 4.66152E+00, 1.77342E+00, 5.22002E+01, 8.21347E-01, 3.93084E+00, 2.34333E+00, 3.67402E+00, 6.62662E+00, 4.55679E+00, 1.13134E+00, 4.72085E+00, 1.47182E+00, 1.34712E+00, 2.69971E+00, 1.35867E+00, 7.14119E+00, 8.06939E+01, 1.80647E+00, 5.86258E+00, 2.65542E+00, 3.52449E+00, 4.84666E+00, 1.90255E+00, 4.03872E+00, 1.84592E+00, 2.78673E+00, 4.61250E-01, 3.78470E+00, 3.66411E+00, 5.74571E+00, 4.88765E+00, 1.17117E+00, 4.63800E+00, 1.52099E+00, 1.63846E+00, 1.53457E+00, 2.46106E+00, 1.79936E+00, 7.63316E-01, 3.18896E+00, 4.34644E+00, 4.82290E+00, 1.30075E+00, 1.90700E+00, 1.82630E+00, 5.87095E+01, 1.30300E+00, 3.68341E+00, 2.60234E+00, 3.29113E+00, 6.21085E+00, 4.77616E+00, 5.02489E+00, 1.10424E+00, 1.24907E+00, 1.18959E+00, 1.35439E+00, 7.29376E+01, 1.58175E+00, 5.11120E+00, 8.04015E-01, 3.63585E+00, 4.41059E+00, 5.22021E+00, 1.71248E+00, 1.43427E+00, 1.39565E+01, 3.57909E+01, 1.27304E+00, 1.90517E+00, 2.41194E+00, 3.76410E+01, 5.05624E+00, 3.23887E-01, 3.99769E+00, 3.30895E+00, 4.30444E+00, 5.31170E+00, 1.27021E+00, 4.48155E+00, 4.78908E+01, 1.58002E+00, 3.95161E+00, 3.69736E+00, 3.82520E+00, 6.46667E+00, 4.86645E+00, 4.58982E+00, 4.50565E+00, 1.16042E+00, 4.88071E+00, 1.60634E+00, 2.36776E+00, 1.46617E+01, 7.14943E+00, 2.40638E+01, 1.52664E+00, 5.65065E+00, 3.10242E+00, 6.39768E+00, 4.75415E+00, 1.51686E+00, 1.45888E+00, 6.76890E+01, 8.01310E-01, 2.31975E+00, 3.27401E+00, 1.02384E+00, 7.33003E+00, 1.23012E+00, 5.41828E+00, 5.83448E-01, 3.58102E+00, 2.59534E+00, 3.94808E+00, 6.04393E+00, 4.59041E+00, 1.48235E+00, 2.06310E+00, 7.07881E+01, 1.36037E+01, 1.33916E+00, 2.60555E+00, 4.53316E+00), b.lab=c(8.50749E-02, 1.52774E-01, -1.69517E-02, 1.13266E-01, -8.17757E-02, 7.95996E-02, 2.41832E-02, -4.93194E-02, -1.20139E-01, 1.22124E-01, -4.78366E-02, -8.36642E-02, 1.19924E-01, -1.13553E-01, 4.93813E-02, 6.50239E-02, 5.15003E-02, -1.03220E-01, 1.01314E-01), beta=c(7.05639E-01, -1.61467E+00, 4.73565E-01, -8.67954E-01, -1.81595E+00, 8.68614E-01, 3.15574E-02, -7.15794E-01, -1.52675E+00, 7.11383E-02, 1.92166E+00), sigma=1.66704E-01, sigma.lab=1.33173E-01)
