list(y=c(2.67398E-01, 1.19195E-01, 1.99228E+00, 2.66021E-01, 4.18777E-01, 3.32725E-01, 7.23911E-01, 9.17060E-01, 7.41235E-02, 1.51126E+00, 1.17999E+01, 4.69062E+01, 1.19375E-01, 6.60576E+00, 1.00627E+01, 2.54968E+01, 4.15279E+00, 1.44258E+00, 5.86717E+00, 1.41194E+01, 2.87135E+00, 1.31542E+01, 1.09310E-01, 1.12349E+01, 2.65266E+01, 8.56402E+00, 2.37510E+01, 7.97209E-02, 3.12461E+01, 7.03595E-02, 9.44115E-02, 6.29168E-02, 5.84158E+00, 7.93606E-02, 4.08901E+00, 1.13150E+01, 1.10780E+00, 3.88820E+00, 4.19339E+00, 1.55213E+01, 2.07928E+00, 1.16635E-01, 1.58980E+00, 4.54498E+00, 9.83332E-02, 6.44625E-02, 8.77734E-02, 2.95117E-01, 7.85840E-01, 3.78708E+00, 8.66718E-02, 2.45601E+01, 4.77816E+01, 1.33122E+01, 1.01633E+01, 7.54088E-02, 3.03334E+01, 8.49174E+00, 1.21338E-01, 4.27714E-01, 9.03021E-02, 8.47533E-02, 1.88062E-01, 7.17170E-02, 6.57030E-02, 3.01450E+00, 6.47669E-01, 3.62216E+00, 7.88372E+00, 1.81107E+00, 7.48233E+00, 1.47809E+01, 1.40580E+01, 5.40595E+00, 6.46600E-02, 7.45684E+00, 1.55978E+01, 9.29792E-02, 7.98720E+00, 3.15096E+00, 1.04417E-01, 1.90910E+00, 8.72373E-01, 3.53495E+00, 1.20624E-01, 6.08964E+00, 1.19994E+00, 1.90813E+00, 3.96817E+00, 5.36637E+00, 1.82941E+00, 7.54128E-02, 6.63721E-02, 3.28036E+00, 2.86710E+00, 9.52132E-02, 1.28933E+00, 9.20201E-02, 8.09461E-01, 5.40075E+00, 1.02355E+00, 5.95486E-01, 8.36792E-02, 3.76843E+00, 6.85540E-02, 2.09667E+00, 2.95795E+00, 9.39017E-01, 1.18277E-01, 7.13991E-02, 7.91605E+00, 1.13643E-01, 7.19764E-02, 6.83646E-02, 3.08450E-01, 4.35976E-01, 1.16391E-01, 1.25451E+00, 1.11570E+00, 1.14956E-01, 1.89848E+00, 7.79520E-02, 7.50818E+00, 1.16808E-01, 4.01214E+00, 3.30239E+00, 7.50136E-01, 2.88016E+00, 3.04214E+00, 2.64123E+00, 2.65844E-01, 1.08683E+00, 5.80650E-01, 1.86025E-01, 9.04545E-01, 1.75608E-01, 7.96595E-01, 1.23293E-01, 9.04905E-01, 9.61682E-02, 3.60012E+01, 3.07348E+00, 3.19305E+01, 1.25982E+01, 1.10413E-01, 1.00945E+01, 2.17050E+01, 5.94280E+00, 9.16982E-02, 1.23573E+01, 1.50155E-01, 9.43520E-01, 8.85202E-02, 9.62562E-01, 1.06384E-01, 1.24150E-01, 4.99984E-01, 5.12266E-01, 2.98276E-01, 1.71173E+00, 5.13443E-01, 7.07147E-01, 1.05752E-01, 1.47298E+00, 5.68331E-01, 3.21001E+00, 7.56660E+00, 1.90075E+00, 1.45209E+00, 3.72913E+00, 7.96542E+00, 7.97344E-02, 3.93625E-01, 3.90413E-01, 1.66835E+00, 1.06761E-01, 7.47161E+00, 2.82151E+00, 5.21287E+00, 1.18014E-01, 1.17725E+01, 3.51665E+00, 6.25124E-02, 2.91057E+01, 2.74732E+01, 2.46977E+01, 1.23591E-01, 2.91242E+00, 7.46251E+00, 2.13115E+01, 1.16210E-01, 1.09389E+02, 1.21738E-01, 2.12976E+00, 6.16306E+01, 1.12588E-01, 6.31413E-02, 1.95754E+00, 1.06988E-01, 9.36717E+00), b.lab=c(5.48001E-02, 2.08667E-02, -5.53252E-02, -1.74565E-01, -7.19499E-02, -3.91304E-02, -4.81903E-03, -8.04775E-02, 9.40397E-02, 3.65378E-02), beta=c(6.40900E-01, -4.83118E-02, -1.25408E+00, -1.03222E+00, 1.14353E+00, -1.11627E+00, -3.45720E-02, -7.59995E-01, -1.40014E+00, -1.83315E+00, -1.18258E+00, 1.10328E+00, 2.51321E+00, -1.85910E+00, 3.66769E-02, 5.87607E-02, 3.46017E-01, 1.17515E+00, -2.03172E+00, -7.77179E-01), sigma=6.25524E-01, sigma.lab=9.19067E-01)
