list(y=c(3.42062E+00, 3.30096E+00, 3.14764E+00, 3.89857E+00, 3.22356E+00, 3.96596E+00, 3.14107E+00, 3.06536E+00, 3.39725E+00, 3.54400E+00, -1.20369E-01, -7.76611E-01, -7.90558E-02, -7.48538E-01, -1.69536E-01, -3.91843E-01, -5.68649E-01, -8.46910E-01, -4.14437E-01, -9.65575E-01, -6.70110E-01, -7.47866E-01, -7.02602E-01, -5.23643E-01, -7.43642E-01, -1.89385E-01, -5.30625E-01, -3.94152E-01, -7.66616E-01, -5.07811E-01, 2.60717E+00, 2.29981E+00, 2.66865E+00, 2.07937E+00, 2.41032E+00, 2.03333E+00, 2.27471E+00, 2.43710E+00, 2.62063E+00, 2.77470E+00, -4.51487E+00, -4.81915E+00, -4.30985E+00, -4.21188E+00, -4.72519E+00, -4.06804E+00, -4.83503E+00, -4.86355E+00, -4.83269E+00, -4.70341E+00, -5.86830E-01, -9.22371E-01, -1.14344E-01, -8.93018E-01, -9.21009E-01, -4.08294E-01, -1.49993E-01, -9.57755E-01, -9.04645E-01, -2.69323E-01, 4.56603E+00, 4.76635E+00, 4.60961E+00, 4.48317E+00, 4.19994E+00, 4.58551E+00, 4.98847E+00, 4.96161E+00, 4.03812E+00, 4.58720E+00, -2.37429E+00, -2.29754E+00, -2.60422E+00, -2.01501E+00, -2.11775E+00, -2.99833E+00, -2.90512E+00, -2.84027E+00, -2.51537E+00, -2.12109E+00, 5.79581E+00, 5.31560E+00, 5.09818E+00, 5.04757E+00, 5.04752E+00, 5.87160E+00, 5.62106E+00, 5.37540E+00, 5.13458E+00, 5.56980E+00, 5.65417E+00, 5.26582E+00, 5.99526E+00, 5.05055E+00, 5.07560E+00, 5.25096E+00, 5.01048E+00, 5.19795E+00, 5.80378E+00, 5.54903E+00, 4.61190E+00, 4.26773E+00, 4.13039E+00, 4.04329E+00, 4.83420E+00, 4.76295E+00, 4.64596E+00, 4.17996E+00, 4.48126E+00, 4.99532E+00, -4.13891E+00, -4.69554E+00, -4.46530E+00, -4.80685E+00, -4.70873E+00, -4.34930E+00, -4.16991E+00, -4.16501E+00, -4.41636E+00, -4.34488E+00, 2.26920E+00, 2.63617E+00, 2.43570E+00, 2.38572E+00, 2.35946E+00, 2.94256E+00, 2.32519E+00, 2.80130E+00, 2.44959E+00, 2.17895E+00, 3.41973E+00, 3.65562E+00, 3.57596E+00, 3.63847E+00, 3.61388E+00, 3.95132E+00, 3.58530E+00, 3.86753E+00, 3.74984E+00, 3.22946E+00, -6.18170E-01, -2.21688E-02, -4.55966E-01, -5.10216E-01, -8.53416E-01, -5.33958E-01, -4.15716E-01, -3.07978E-01, -7.10614E-01, -7.65836E-01, -6.95118E+00, -6.13681E+00, -6.85104E+00, -6.73880E+00, -6.07201E+00, -6.58047E+00, -6.99831E+00, -6.19955E+00, -6.04815E+00, -6.71667E+00, -4.53038E+00, -4.56050E+00, -4.32599E+00, -4.66601E+00, -4.04221E+00, -4.01325E+00, -4.29776E+00, -4.97900E+00, -4.18467E+00, -4.85678E+00, 4.90061E+00, 4.94204E+00, 4.84497E+00, 4.23256E+00, 4.14726E+00, 4.67383E+00, 4.14374E+00, 4.71377E+00, 4.95612E+00, 4.41224E+00, 4.92725E+00, 4.31942E+00, 4.83955E+00, 4.71657E+00, 4.17464E+00, 4.09797E+00, 4.46961E+00, 4.60308E+00, 4.80901E+00, 4.53990E+00, 1.23061E-01, 6.06249E-01, 2.44129E-01, 5.83914E-01, 2.33473E-01, 8.32231E-02, 8.09471E-01, 6.95563E-01, 3.09103E-01, 1.23245E-01, -6.12485E+00, -6.25318E+00, -6.27617E+00, -6.71045E+00, -6.51100E+00, -6.63438E+00, -6.21157E+00, -6.45651E+00, -6.17256E+00, -6.78838E+00, 3.71785E-01, 6.87938E-01, 9.17356E-01, 5.95960E-01, 3.07134E-01, 5.47348E-01, 2.78849E-01, 4.52689E-01, 7.05596E-01, 5.71369E-01, 6.53292E+00, 6.25438E+00, 6.07277E+00, 6.02952E+00, 6.01136E+00, 6.91084E+00, 6.61299E+00, 6.10962E+00, 6.32805E+00, 6.65776E+00, 1.35031E+00, 1.19155E+00, 1.22329E+00, 1.85202E+00, 1.74432E+00, 1.91153E+00, 1.05956E+00, 1.30808E+00, 1.33669E+00, 1.02487E+00, 1.89082E+00, 1.95537E+00, 1.19973E+00, 1.69792E+00, 1.92173E+00, 1.03141E+00, 1.37381E+00, 1.77011E+00, 1.08064E+00, 1.18508E+00, 6.96645E+00, 6.57375E+00, 6.70327E+00, 6.11934E+00, 6.02141E+00, 6.34383E+00, 6.73368E+00, 6.40620E+00, 6.12288E+00, 6.45159E+00, -2.55758E-01, -8.60144E-01, -3.63290E-01, -6.39658E-02, -2.30764E-01, -1.57212E-01, -7.81434E-01, -3.91059E-02, -5.20018E-02, -1.17413E-01, -6.62857E+00, -6.86109E+00, -6.27861E+00, -6.89388E+00, -6.50873E+00, -6.78950E+00, -6.56786E+00, -6.98260E+00, -6.89413E+00, -6.63553E+00, -5.07356E-04, -5.77194E-01, -3.62023E-01, -7.59434E-01, -2.43439E-01, -6.65470E-02, -1.15589E-01, -9.32140E-01, -4.60028E-01, -8.87368E-01, 4.18192E+00, 4.04165E+00, 4.88588E+00, 4.10294E+00, 4.55297E+00, 4.15940E+00, 4.43712E+00, 4.22196E+00, 4.97326E+00, 4.44972E+00), b.lab=c(-7.13416E-02, 5.48691E-02, -1.46539E+00, -1.59013E+00, 1.39972E+00, -9.28641E-01, -5.75562E-01, 5.57888E-02, -4.24006E-01, -1.21813E+00), beta=c(1.51969E-01, 1.22813E+00, -8.94544E-01, -3.73443E-02, -1.63338E+00, -4.79597E-01, -7.08379E-02, -1.27626E-01, -1.84984E+00, 1.42826E-01, -3.48658E-01, -1.06986E+00, -5.45506E-01, 2.47214E+00, -1.30665E+00, 1.36584E-01, 2.51933E-01, -1.00825E+00, -4.70890E-01, -2.99391E+00, 1.88739E+00, -2.15009E+00, 2.57301E+00, -4.89941E-01, 3.02798E-01, -5.41926E-01, 2.54358E-01, 6.90474E-02, -3.74381E-01, -8.46568E-01), sigma=5.13975E-01, sigma.lab=9.03108E-01)
