list(y=c(3.61931E+00, 3.60898E+00, 3.99538E+00, 3.30023E+00, 3.19682E+00, 3.43827E+00, 3.75441E+00, 3.39249E+00, 3.11989E+00, 3.73912E+00, -6.40025E-01, -8.98831E-01, -5.36797E-01, -5.64661E-01, -7.21831E-01, -5.78704E-01, -5.42119E-01, -3.43647E-01, -3.87837E-02, -1.32311E-01, -1.28494E-01, -6.02250E-01, -8.77341E-02, -1.04607E-01, -6.79563E-01, -9.27221E-01, -8.24377E-01, -3.10002E-01, -5.01697E-02, -3.68823E-01, 2.19976E+00, 2.13332E+00, 2.52927E+00, 2.52598E+00, 2.96324E+00, 2.76389E+00, 2.51268E+00, 2.54496E+00, 2.81168E+00, 2.82940E+00, -4.88548E+00, -4.72085E+00, -4.86205E+00, -4.82844E+00, -4.34702E+00, -4.19051E+00, -4.27089E+00, -4.97447E+00, -4.17420E+00, -4.75632E+00, -8.66890E-01, -1.94362E-01, -8.85090E-02, -5.85979E-01, -4.00942E-01, -8.95128E-02, -9.07949E-01, -6.00607E-01, -9.02770E-01, -1.55584E-02, 4.40298E+00, 4.97094E+00, 4.50766E+00, 4.91197E+00, 4.19875E+00, 4.29408E+00, 4.24779E+00, 4.78362E+00, 4.92274E+00, 4.29308E+00, -2.81420E+00, -2.60391E+00, -2.80303E+00, -2.05489E+00, -2.94089E+00, -2.77365E+00, -2.44691E+00, -2.42582E+00, -2.89365E+00, -2.70928E+00, 5.74470E+00, 5.31384E+00, 5.96212E+00, 5.21449E+00, 5.56871E+00, 5.51156E+00, 5.33380E+00, 5.98508E+00, 5.81644E+00, 5.34164E+00, 5.31178E+00, 5.14444E+00, 5.95042E+00, 5.78023E+00, 5.73120E+00, 5.04093E+00, 5.05660E+00, 5.14875E+00, 5.44290E+00, 5.76867E+00, 4.79231E+00, 4.10991E+00, 4.72703E+00, 4.84904E+00, 4.96465E+00, 4.18027E+00, 4.56565E+00, 4.68636E+00, 4.54490E+00, 4.23930E+00, -4.47075E+00, -4.99224E+00, -4.75639E+00, -4.60909E+00, -4.89944E+00, -4.76628E+00, -4.58534E+00, -4.10410E+00, -4.57732E+00, -4.77318E+00, 2.70569E+00, 2.75331E+00, 2.13692E+00, 2.60830E+00, 2.41824E+00, 2.39692E+00, 2.64089E+00, 2.18887E+00, 2.76316E+00, 2.19210E+00, 3.83241E+00, 3.11290E+00, 3.01816E+00, 3.34646E+00, 3.76381E+00, 3.04212E+00, 3.01741E+00, 3.07992E+00, 3.36840E+00, 3.62829E+00, -8.59705E-01, -6.42670E-01, -3.98399E-01, -7.41005E-03, -3.11055E-01, -7.86476E-01, -2.26556E-02, -4.83865E-02, -9.75870E-01, -9.14761E-01, -6.41643E+00, -6.12209E+00, -6.99639E+00, -6.61134E+00, -6.30027E+00, -6.76448E+00, -6.47516E+00, -6.62001E+00, -6.43060E+00, -6.76160E+00, -4.88513E+00, -4.53528E+00, -4.51622E+00, -4.31103E+00, -4.17290E+00, -4.99748E+00, -4.29680E+00, -4.83110E+00, -4.96382E+00, -4.06766E+00, 4.52901E+00, 4.71693E+00, 4.29058E+00, 4.85319E+00, 4.49198E+00, 4.31763E+00, 4.51253E+00, 4.70012E+00, 4.39861E+00, 4.14127E+00, 4.11599E+00, 4.58771E+00, 4.31769E+00, 4.04241E+00, 4.44142E+00, 4.34912E+00, 4.25155E+00, 4.60988E+00, 4.89102E+00, 4.99627E+00, 4.42409E-01, 4.48565E-01, 5.55025E-01, 3.35922E-01, 7.69074E-01, 4.78982E-01, 5.61562E-01, 4.77953E-01, 5.35024E-01, 8.14692E-01, -6.91086E+00, -6.18654E+00, -6.22753E+00, -6.70065E+00, -6.51842E+00, -6.74948E+00, -6.08245E+00, -6.57652E+00, -6.16000E+00, -6.22230E+00, 8.00753E-01, 9.48442E-01, 1.69576E-01, 3.49715E-02, 1.13836E-03, 2.24305E-01, 4.47445E-01, 5.76177E-01, 7.83003E-01, 9.21514E-01, 6.02426E+00, 6.48752E+00, 6.47458E+00, 6.95705E+00, 6.58131E+00, 6.27248E+00, 6.14140E+00, 6.72323E+00, 6.86445E+00, 6.55643E+00, 1.26824E+00, 1.19044E+00, 1.74484E+00, 1.54886E+00, 1.65794E+00, 1.14982E+00, 1.78313E+00, 1.64331E+00, 1.21387E+00, 1.93299E+00, 1.70183E+00, 1.86115E+00, 1.80743E+00, 1.03155E+00, 1.54482E+00, 1.48269E+00, 1.20726E+00, 1.71248E+00, 1.53259E+00, 1.07442E+00, 6.91260E+00, 6.55520E+00, 6.02822E+00, 6.81669E+00, 6.12343E+00, 6.73860E+00, 6.84522E+00, 6.55795E+00, 6.36757E+00, 6.13290E+00, -8.29439E-01, -2.34748E-01, -1.38514E-01, -8.63894E-01, -5.24844E-01, -3.02083E-01, -6.71549E-01, -7.25472E-01, -2.47467E-01, -3.44442E-01, -6.45759E+00, -6.41603E+00, -6.78301E+00, -6.71441E+00, -6.22840E+00, -6.16839E+00, -6.47468E+00, -6.54460E+00, -6.18675E+00, -6.63783E+00, -8.66314E-01, -8.59513E-01, -6.45577E-01, -3.52581E-01, -1.08131E-01, -2.49215E-02, -8.51931E-01, -1.58004E-01, -3.77496E-01, -5.30508E-01, 4.63838E+00, 4.83353E+00, 4.84504E+00, 4.98175E+00, 4.68430E+00, 4.80165E+00, 4.73123E+00, 4.11069E+00, 4.89414E+00, 4.27747E+00), b.lab=c(-1.12182E+00, -3.87153E-01, -1.23535E+00, -9.77857E-01, 1.06955E+00, 6.09810E-01, -5.74277E-01, -4.08751E-01, 3.92286E-01, 1.59043E+00), beta=c(6.19651E-01, 1.83081E+00, -1.28691E+00, -1.25327E+00, 1.49863E-01, -3.94448E-01, 9.97036E-01, -1.66939E-01, 8.11046E-01, 5.59328E-01, 2.28202E+00, -8.92665E-01, -3.19418E-01, -6.12789E-01, 3.89599E-01, 9.80730E-01, 4.93578E-01, 8.98814E-01, 1.54043E+00, -9.10956E-02, -2.48305E-01, -8.58437E-01, 3.65801E-01, -4.85237E-01, 1.98527E-01, 2.02793E+00, -8.65580E-01, 2.46114E+00, 1.38816E-01, 1.17098E+00), sigma=7.73159E-01, sigma.lab=2.24099E-01)
