list(y=c(6.69716E+01, 6.45632E-01, 3.00229E+00, 3.86091E+00, 6.38331E+00, 4.17943E+00, 5.10097E+00, 4.27311E+00, 1.13631E+00, 1.75488E+00, 5.76832E+01, 5.01751E-01, 3.62938E+00, 3.91076E+00, 3.99574E+00, 6.97289E+00, 4.61308E+00, 1.88792E+00, 1.99501E+00, 2.08604E+00, 3.87618E+00, 5.50772E+00, 4.46818E+00, 1.54004E+00, 1.75385E+00, 5.41559E+00, 8.07665E-01, 2.22663E+00, 3.14017E+00, 6.58690E+00, 4.36482E+00, 5.59795E+00, 1.16045E+00, 4.93259E+00, 1.91194E+00, 4.14852E+00, 1.81182E+00, 3.03163E-01, 2.56214E+00, 3.12545E+00, 6.79144E+00, 4.74986E+00, 4.94531E+00, 1.11260E+00, 1.92560E+00, 1.05422E+00, 7.44314E+00, 6.65127E+01, 3.28476E+00, 3.66695E+00, 6.12528E+00, 1.22908E+00, 1.43543E+00, 4.89186E+00, 1.74389E+00, 2.85659E+00, 1.36942E+01, 7.64829E+00, 4.43917E+01, 1.41435E+00, 5.14275E+00, 3.24566E-01, 2.84686E+00, 4.78380E+00, 4.28979E+00, 4.37171E+00, 1.52180E+00, 1.14953E+01, 5.15143E-01, 3.54947E+00, 2.20165E+00, 3.91044E+00, 6.65729E+00, 4.02755E+00, 1.83984E+00, 4.54213E+00, 1.17975E+00, 1.25381E+00, 2.95298E+00, 1.69515E+00, 7.66852E+00, 7.00366E+01, 1.30271E+00, 5.60391E+00, 2.31759E+00, 3.91049E+00, 4.63661E+00, 1.24968E+00, 4.84183E+00, 1.70301E+00, 2.88221E+00, 3.18600E-01, 3.80787E+00, 3.77534E+00, 5.87248E+00, 4.79742E+00, 1.39738E+00, 4.21390E+00, 1.22083E+00, 1.81445E+00, 1.57848E+00, 2.93588E+00, 1.59253E+00, 5.71124E-01, 3.22866E+00, 4.14652E+00, 4.46727E+00, 1.96247E+00, 1.73678E+00, 1.35591E+00, 5.89156E+01, 1.85278E+00, 3.76004E+00, 2.94382E+00, 3.40074E+00, 6.90176E+00, 4.61663E+00, 5.02808E+00, 1.63826E+00, 1.35875E+00, 1.39779E+00, 1.14563E+00, 8.68192E+01, 1.08386E+00, 5.79925E+00, 4.75418E-01, 3.67570E+00, 4.62582E+00, 5.54420E+00, 1.58138E+00, 1.80213E+00, 8.38513E+01, 7.50322E+01, 1.92244E+00, 1.92491E+00, 2.28177E+00, 4.11643E+01, 5.85993E+00, 3.99833E-02, 3.85993E+00, 3.10880E+00, 4.03878E+00, 5.54330E+00, 1.54350E+00, 4.56408E+00, 4.16231E+01, 1.86159E+00, 3.45054E+00, 3.33496E+00, 3.39952E+00, 6.79204E+00, 4.30086E+00, 4.97024E+00, 4.74140E+00, 1.47373E+00, 4.83931E+00, 1.71957E+00, 2.05732E+00, 9.27049E+01, 7.49780E+00, 7.37496E+01, 1.06818E+00, 5.12880E+00, 3.75039E+00, 6.33093E+00, 4.13469E+00, 1.04067E+00, 1.82241E+00, 8.21142E+01, 1.99182E-01, 2.53361E+00, 3.67477E+00, 1.64432E+00, 7.79088E+00, 1.83723E+00, 5.19526E+00, 2.01228E-01, 3.16427E+00, 2.76199E+00, 3.91812E+00, 6.73149E+00, 4.56495E+00, 1.55899E+00, 2.91778E+00, 5.69397E+01, 4.06593E+01, 1.81376E+00, 2.39924E+00, 4.53759E+00), b.lab=c(-3.89602E-02, 9.36078E-02, -5.28826E-02, -8.13436E-02, 3.64129E-02, 2.71718E-02, 1.64978E-01, -1.06231E-01, -9.71806E-03, -2.13294E-01, -1.20510E-02, 1.51852E-01, 6.79547E-02, 4.69931E-02, 5.63429E-02, 1.06096E-01, 2.19823E-01, 3.55920E-03, 9.62321E-02), beta=c(-5.03204E-01, 8.16223E-01, -5.71034E-01, 1.47796E+00, 1.53418E+00, -4.41279E-01, -8.71223E-01, 8.10485E-01, 7.11871E-01, 3.97263E-01, -8.56416E-01), sigma=3.10529E-01, sigma.lab=7.92917E-01)
