list(y=c(3.91227E+00, -6.87909E+00, 3.32044E+00, -6.92953E+00, -8.22621E+01, -3.37602E+01, -3.05017E+00, -3.94070E+01, 4.19976E+00, -8.69351E+01, -4.70728E-01, 1.52598E+00, -2.03676E+00, -2.36109E-01, 4.51268E+00, 2.54496E+00, -1.88317E-01, 8.29401E-01, -2.88548E+00, 4.27915E+00, -8.62051E-01, -8.35301E+01, -3.66610E+01, 3.80949E+00, -4.27089E+00, 1.02553E+00, -3.17420E+00, -7.61195E+01, 1.33110E-01, -4.19436E+00, 2.91149E+00, -5.85979E-01, -3.70990E+01, 1.91049E+00, -9.03347E+01, 3.39939E+00, 3.09723E+00, -3.01556E+00, -6.59933E+00, -3.02906E+00, -4.49234E+00, 4.91197E+00, 2.19875E+00, 4.29408E+00, 3.24779E+00, -2.21638E+00, 9.22744E-01, 3.29308E+00, -8.08626E+01, -6.27683E+01, -8.03026E-01, -3.05489E+00, -9.43250E+01, -2.77365E+00, 4.55309E+00, -4.60286E+01, -8.88337E+01, 4.29072E+00, 4.74470E+00, 3.13840E-01, 4.96212E+00, 2.14492E-01, -4.43129E+00, -4.73094E+01, 1.33380E+00, 9.85079E-01, 3.81644E+00, -3.65836E+00, -6.88222E-01, -2.85556E+00, -2.04958E+00, 1.78023E+00, 2.73120E+00, -9.60297E+01, -2.94340E+00, 1.48751E-01, -2.55710E+00, -2.77465E+01, -2.20769E+00, -2.89009E+00, -2.72973E+01, 8.49044E-01, 9.64650E-01, -8.19732E-01, -2.43435E+00, -3.41094E+01, 4.54490E+00, -7.67877E+01, -4.47075E+00, -2.99224E+00, 3.24361E+00, 3.90910E-01, 4.10056E+00, -7.80309E+01, -5.68753E+01, 8.95896E-01, 4.22677E-01, 2.22682E+00, 4.70569E+00, -3.24669E+00, 4.13692E+00, 2.60830E+00, 1.41824E+00, -6.03077E-01, -4.35911E+00, -8.01691E+01, -2.23684E+00, -7.98294E+01, 2.83241E+00, -8.83716E+01, -4.98184E+00, -2.65354E+00, -3.23619E+00, 1.04212E+00, -9.81716E+01, -3.92008E+00, 2.36840E+00, -3.96844E+01, -8.54093E+01, 3.35733E+00, -3.80351E+01, -6.69884E+00, -6.31337E+00, -7.99292E+01, -5.19760E+00, -2.04839E+00, -4.97587E+00, -6.91707E+00, -3.41412E+00, 2.88022E+00, -9.93845E+01, -2.60903E+00, 7.02037E-01, -7.62171E-01, -2.47285E+00, -3.61770E+00, 1.57171E+00, -6.76160E+00, 2.11487E+00, 1.46472E+00, -5.16221E-01, -4.31103E+00, -6.17521E+00, -2.99748E+00, 2.70320E+00, 1.16890E+00, -9.65271E+01, 4.93234E+00, -4.92153E+01, 7.16932E-01, -7.26859E+01, -2.14681E+00, -6.51033E+00, -6.91903E+01, -4.66969E+01, -2.29988E+00, 3.98606E-01, -3.85873E+00, -4.88401E+00, -4.29920E+01, -6.95015E+01, -2.95759E+00, -3.55858E+00, 3.34912E+00, -3.74845E+00, 3.60988E+00, -6.11129E+00, 9.96273E-01, 3.44241E+00, -5.33492E+01, 4.55502E+00, -6.64078E+01, -6.23324E+00, 3.47898E+00, -4.38438E-01, -5.41165E+01, 1.53502E+00, -3.18531E+00, 2.09145E+00, 1.81577E+00, 4.77478E+00, -6.98343E-01, -4.96752E+01, -3.74717E+00, 2.91986E+00, 4.25786E-01, 8.42308E-01, -1.80987E+01, 1.80075E+00, -2.05156E+00, 1.69576E-01, 3.03497E+00, -9.98862E-01, -7.84667E+01, 3.44745E+00, 5.76177E-01, 7.83003E-01, 2.92151E+00, 3.02426E+00, 4.48752E+00, -6.52773E+00, -6.04526E+00, -4.01251E+01, -6.72983E+00, 1.41404E-01, 4.72323E+00, -1.70128E+01, -2.44357E+00, -7.47859E+01, -8.00039E+01, 7.44836E-01, -4.51144E+01, -3.68379E+01, 4.14982E+00, 1.78313E+00, 3.64331E+00, -7.86131E-01, -1.23010E+01, 3.70183E+00, -1.56076E+01, -1.68351E+01, -9.69716E+01, 2.54482E+00, -3.51731E+00, 2.07257E-01, -3.28752E+00, 1.53259E+00, -6.92789E+00, -8.73959E-02, 5.55201E-01, 1.02822E+00, -1.83314E-01, 2.12343E+00, -3.26140E+00, -1.12515E+01, 1.55795E+00, 3.36757E+00, 1.32899E-01, 1.17056E+00, -3.23475E+00, 1.86149E+00, -8.58450E+01, 2.47516E+00, 2.69792E+00, 3.32845E+00, 2.74528E-01, 7.52533E-01, 2.65556E+00, -4.87976E+01, -4.41372E+00, 2.21930E+00, 2.28790E+00, 1.77391E+00, -1.41064E+01, -4.88197E+01, 4.57709E-01, -2.18444E+00, -2.63552E+00, 1.33686E-01, -8.67946E+01, -6.45577E-01, -3.72004E+01, -1.61664E+01, -5.41739E+00, -8.48970E+01, -2.08544E+01, 3.62250E+00, 2.46949E+00, -3.61620E-01, 3.83353E+00, -6.15727E+00, 3.98175E+00, 4.68430E+00, -4.19835E+00, -2.98019E+01, 1.10689E-01, -3.10586E+00, 3.27747E+00, -7.40981E+01, -1.04455E+01, -4.55076E-01, 1.38760E+00, -6.77125E+00, 4.27163E+00, 3.31638E+00, -4.54584E+00, -1.11730E+00, 1.00533E+00, -3.13354E+00, 1.43144E+00, 4.47039E+00, -3.84655E+00, -4.63647E-01, -4.68160E+01, -2.18612E+00, 1.12036E+00, -2.01829E+00, -4.27917E+01, 7.32256E-01, -6.89210E-01), b.lab=c(1.83081E-01, -1.28691E-01, -1.25327E-01, 1.49863E-02, -3.94448E-02, 9.97036E-02, -1.66939E-02, 8.11046E-02, 5.59328E-02, 2.28202E-01), beta=c(-8.92665E-01, -3.19418E-01, -6.12789E-01, 3.89599E-01, 9.80730E-01, 4.93578E-01, 8.98814E-01, 1.54043E+00, -9.10956E-02, -2.48305E-01, -8.58437E-01, 3.65801E-01, -4.85237E-01, 1.98527E-01, 2.02793E+00, -8.65580E-01, 2.46114E+00, 1.38816E-01, 1.17098E+00, 7.49290E-01, -3.00216E-01, -9.81259E-01, 1.23721E+00, 1.90888E-01, -7.91212E-01, -1.36237E+00, -9.62092E-01, 3.74693E-01, 1.62686E+00, -1.33802E+00), sigma=2.46305E-01, sigma.lab=9.48800E-01)
