list(y=c(3.29740E+00, -5.04588E+01, 3.25636E+00, -6.19169E+00, -5.25931E+01, -4.18386E+01, -3.76662E+00, -5.27498E+01, 4.60717E+00, -7.06186E+01, -3.31351E-01, 1.07937E+00, -2.58968E+00, -9.66672E-01, 4.27471E+00, 2.43710E+00, -3.79374E-01, 7.74703E-01, -2.51487E+00, 4.18085E+00, -3.09849E-01, -2.43400E+01, -7.33432E+01, 3.93196E+00, -4.83503E+00, 1.13645E+00, -3.83269E+00, -7.09337E+01, 4.13170E-01, -4.92237E+00, 2.88566E+00, -8.93018E-01, -9.17059E+01, 1.59171E+00, -1.07492E+01, 3.04225E+00, 3.09535E+00, -3.26932E+00, -6.43628E+00, -3.23365E+00, -4.39039E+00, 4.48317E+00, 2.19994E+00, 4.58551E+00, 3.98847E+00, -2.03839E+00, 3.81162E-02, 3.58720E+00, -3.55516E+01, -3.39707E+01, -6.04220E-01, -3.01501E+00, -1.53043E+01, -2.99833E+00, 4.09488E+00, -8.49857E+01, -4.91137E+01, 4.87891E+00, 4.79581E+00, 3.15600E-01, 4.09818E+00, 4.75718E-02, -4.95248E+00, -1.02250E+01, 1.62106E+00, 3.75396E-01, 3.13458E+00, -3.43020E+00, -3.45835E-01, -2.73418E+00, -2.00474E+00, 1.05055E+00, 2.07560E+00, -7.56573E+01, -2.98952E+00, 1.97948E-01, -2.19622E+00, -4.83922E+01, -2.38810E+00, -2.73227E+00, -8.69615E+01, 4.32900E-02, 8.34200E-01, -2.37049E-01, -2.35404E+00, -8.27241E+01, 4.48126E+00, -3.45425E+00, -4.13891E+00, -2.69554E+00, 3.53470E+00, 1.93148E-01, 4.29127E+00, -3.88355E+01, -1.36709E+01, 8.34986E-01, 5.83639E-01, 2.65512E+00, 4.26920E+00, -3.36383E+00, 4.43570E+00, 2.38572E+00, 1.35946E+00, -5.74413E-02, -4.67481E+00, -1.58632E+01, -2.55041E+00, -8.12100E+01, 2.41973E+00, -3.24707E+01, -4.42404E+00, -2.36153E+00, -3.38612E+00, 1.95132E+00, -3.85430E+01, -3.13247E+00, 2.74984E+00, -7.79715E+01, -6.02897E+01, 3.97783E+00, -4.39645E+01, -5.39614E+01, -6.85573E+00, -5.61931E+01, -4.33245E+01, -2.30798E+00, -4.71061E+00, -6.76815E+00, -3.94887E+00, 2.86550E+00, -8.42675E+01, -2.73649E+00, 9.30298E-01, -5.78164E-01, -2.99600E+00, -3.19724E+00, 1.95416E+00, -6.71667E+00, 2.46962E+00, 1.43950E+00, -3.25991E-01, -4.66601E+00, -6.04452E+00, -2.01325E+00, 2.70224E+00, 1.02100E+00, -2.17284E+01, 4.14322E+00, -1.35412E+01, 9.42039E-01, -2.05752E+01, -2.76744E+00, -6.85505E+00, -3.46384E+01, -8.50507E+01, -2.28623E+00, 9.56117E-01, -3.58776E+00, -4.07275E+00, -6.90160E+01, -1.94028E+01, -2.28343E+00, -3.82536E+00, 3.09797E+00, -3.53039E+00, 3.60308E+00, -6.19330E+00, 5.39896E-01, 3.12306E+00, -3.69501E+01, 4.24413E+00, -4.16086E+01, -6.76884E+00, 3.08322E+00, -1.90529E-01, -3.32260E+01, 1.30910E+00, -3.87675E+00, 2.87746E+00, 1.74913E+00, 4.72614E+00, -7.08144E-01, -4.89038E+01, -3.63207E+00, 2.79074E+00, 5.45802E-01, 8.29755E-01, -7.75374E+01, 1.37178E+00, -2.31206E+00, 9.17356E-01, 3.59596E+00, -6.92866E-01, -4.74545E+01, 3.27885E+00, 4.52689E-01, 7.05596E-01, 2.57137E+00, 3.53292E+00, 4.25438E+00, -6.92954E+00, -6.97279E+00, -9.88297E+01, -6.09147E+00, 6.12993E-01, 4.10962E+00, -6.85068E+01, -2.34224E+00, -6.70718E+01, -7.98869E+01, 2.23294E-01, -1.47982E+01, -2.85453E+01, 4.91153E+00, 1.05956E+00, 3.30808E+00, -6.63311E-01, -9.76623E+01, 3.89082E+00, -6.37341E+00, -7.94278E+01, -3.29994E+01, 2.92173E+00, -3.96859E+00, 3.73813E-01, -3.22989E+00, 1.08064E+00, -6.81723E+00, -3.35494E-02, 5.73746E-01, 1.70327E+00, -8.80659E-01, 2.02141E+00, -3.65617E+00, -2.29631E+01, 1.40620E+00, 3.12288E+00, 4.51594E-01, 1.74424E+00, -3.86014E+00, 1.63671E+00, -2.65244E+00, 2.76924E+00, 2.84279E+00, 3.21857E+00, 9.60894E-01, 9.47998E-01, 2.88259E+00, -6.48694E+01, -4.85878E+00, 2.72370E+00, 2.10843E+00, 1.49358E+00, -7.80804E+01, -5.78586E+01, 1.97106E-02, -2.89182E+00, -2.63322E+00, 9.99493E-01, -6.02572E+01, -3.62023E-01, -7.66651E+01, -2.88850E+01, -9.45506E+00, -9.79010E+00, -9.36213E+01, 3.53997E+00, 2.11263E+00, -8.18077E-01, 3.04165E+00, -6.11643E+00, 3.10294E+00, 4.55297E+00, -4.84060E+00, -5.80364E+01, 2.21959E-01, -3.02674E+00, 3.44972E+00, -3.54063E+01, -8.22863E+01, -2.89492E-01, 1.28366E+00, -6.83514E+00, 4.61915E+00, 3.13783E+00, -9.47659E+01, 1.98285E+00, 1.04657E+00, -3.66591E+00, 1.65586E+00, 4.46988E+00, -3.97997E+00, -2.89178E-01, -8.09434E+01, -2.46971E+00, 1.86918E+00, -2.76366E+00, -5.59837E+01, 5.60394E-01, -2.29187E-01), b.lab=c(1.22813E-01, -8.94544E-02, -3.73443E-03, -1.63338E-01, -4.79597E-02, -7.08379E-03, -1.27626E-02, -1.84984E-01, 1.42826E-02, -3.48658E-02), beta=c(-1.06986E+00, -5.45506E-01, 2.47214E+00, -1.30665E+00, 1.36584E-01, 2.51933E-01, -1.00825E+00, -4.70890E-01, -2.99391E+00, 1.88739E+00, -2.15009E+00, 2.57301E+00, -4.89941E-01, 3.02798E-01, -5.41926E-01, 2.54358E-01, 6.90474E-02, -3.74381E-01, -8.46568E-01, 3.50375E-02, 3.03663E-01, 2.60334E+00, -8.53029E-01, 6.88449E-01, -1.17555E+00, -3.58527E-01, -9.23674E-02, -5.88289E-01, -1.05775E-01, 1.76498E+00), sigma=8.71506E-01, sigma.lab=3.97750E-01)
