list(y=c(4.34160E-01, 8.76712E-02, 1.06519E+00, 3.83245E-01, 3.99656E-01, 3.96357E-01, 8.28167E-01, 9.86090E-01, 1.03075E-01, 1.31682E+00, 1.49347E+01, 4.32231E+01, 1.10874E-01, 7.43499E+00, 1.27382E+01, 1.91305E+01, 6.93611E+00, 1.79338E+00, 6.82233E+00, 8.41274E+00, 2.94802E+00, 1.50074E+01, 9.90207E-02, 1.34385E+01, 1.92047E+01, 1.08530E+01, 2.78831E+01, 9.01316E-02, 2.52449E+01, 1.00718E-01, 7.88492E-02, 1.21229E-01, 5.98202E+00, 1.15635E-01, 6.58487E+00, 1.30362E+01, 1.24405E+00, 3.81583E+00, 6.34012E+00, 1.30468E+01, 3.69911E+00, 1.14615E-01, 1.02610E+00, 4.14594E+00, 7.96895E-02, 8.50410E-02, 9.53286E-02, 4.42066E-01, 7.29451E-01, 3.87925E+00, 9.77076E-02, 2.60391E+01, 3.81419E+01, 1.34755E+01, 1.09703E+01, 1.06028E-01, 2.49181E+01, 1.37772E+01, 8.10196E-02, 3.22055E-01, 1.12994E-01, 6.93399E-02, 2.03830E-01, 6.77332E-02, 1.18002E-01, 2.13903E+00, 7.03899E-01, 3.29653E+00, 6.72887E+00, 1.91092E+00, 6.07636E+00, 1.07797E+01, 1.34484E+01, 6.20870E+00, 6.70249E-02, 6.67037E+00, 8.97281E+00, 9.75643E-02, 5.58474E+00, 3.92135E+00, 8.11685E-02, 1.86666E+00, 9.57050E-01, 3.82543E+00, 7.26052E-02, 7.68804E+00, 1.69539E+00, 1.61495E+00, 2.64572E+00, 6.37547E+00, 1.05077E+00, 6.96250E-02, 1.13776E-01, 3.50324E+00, 3.54339E+00, 7.01017E-02, 1.78558E+00, 6.57540E-02, 8.99558E-01, 4.50789E+00, 1.70742E+00, 7.65032E-01, 1.18588E-01, 2.07599E+00, 9.55196E-02, 3.17161E+00, 3.89367E+00, 9.01674E-01, 7.45541E-02, 7.12555E-02, 5.43452E+00, 1.15560E-01, 8.05596E-02, 8.44463E-02, 3.58112E-01, 2.84708E-01, 1.10746E-01, 1.76076E+00, 1.26953E+00, 7.45694E-02, 1.77934E+00, 1.24439E-01, 4.17855E+00, 7.82477E-02, 6.13819E+00, 3.68687E+00, 5.75972E-01, 2.07644E+00, 2.35518E+00, 3.37403E+00, 3.75721E-01, 1.22184E+00, 5.72368E-01, 2.21297E-01, 8.77278E-01, 1.44383E-01, 9.74026E-01, 8.22174E-02, 6.47600E-01, 6.31530E-02, 5.07898E+01, 2.22617E+00, 2.14909E+01, 1.43636E+01, 1.20103E-01, 9.68684E+00, 1.71470E+01, 5.28198E+00, 1.21087E-01, 1.44116E+01, 2.17319E-01, 9.84671E-01, 9.24435E-02, 6.33467E-01, 9.83664E-02, 1.24761E-01, 3.05878E-01, 9.10800E-01, 3.32037E-01, 1.25987E+00, 8.81152E-01, 7.51725E-01, 1.13832E-01, 1.70208E+00, 7.33239E-01, 2.07241E+00, 5.43464E+00, 1.47910E+00, 1.05290E+00, 3.14386E+00, 4.73468E+00, 8.01258E-02, 3.01854E-01, 4.93932E-01, 1.90828E+00, 9.52378E-02, 6.45686E+00, 3.20814E+00, 7.49492E+00, 9.11825E-02, 9.41546E+00, 2.82050E+00, 9.65165E-02, 3.19731E+01, 1.95835E+01, 1.64192E+01, 7.79368E-02, 2.51808E+00, 6.21044E+00, 1.83245E+01, 7.54043E-02, 1.07593E+02, 9.73604E-02, 2.98388E+00, 4.24631E+01, 7.39685E-02, 1.10002E-01, 1.57227E+00, 6.54504E-02, 9.11560E+00), b.lab=c(5.53602E-02, 1.37868E-01, 2.58806E-02, 2.18574E-01, -8.20650E-02, 9.80117E-02, 2.12642E-03, 1.32305E-02, -9.53798E-04, 3.05239E-02), beta=c(2.42816E-01, -4.33992E-02, 9.91624E-01, -2.76836E-01, -5.43500E-01, -9.67029E-01, -1.35799E+00, -6.83029E-01, -1.08096E+00, -1.07262E+00, -6.82704E-01, 1.60252E+00, 4.27608E-01, 4.10925E-01, 4.60268E-01, 6.72236E-01, -1.69109E+00, -1.08726E+00, 1.57777E+00, 1.57908E+00), sigma=1.39664E-01, sigma.lab=1.33843E-01)
